เพศ,ช่วงอายุ,สถานภาพ,กิจกรรมที่ใช้สมาร์ทโฟนมากที่สุด 3 อันดับ,ท่านใช้แอปพลิเคชันใดบ้างเป็นประจำ?,ท่านใช้สมาร์ทโฟนนานเท่าใดในหนึ่งวัน,สมาร์ทโฟนสำคัญในชีวิตประจำวันอย่างไร,ยี่ห้อสมาร์ทโฟนที่ใช้งานในปัจจุบัน,ปัจจัยที่พิจารณาเมื่อซื้อสมาร์ทโฟนออนไลน์มากที่สุด,ความพึงพอใจจากยี่ห้อสมาร์ทโฟนที่ใช้ในปัจจุบัน,ปัญหาในการซื้อสมาร์ทโฟนออนไลน์,รายได้ต่อเดือน,อาชีพ
ชาย,18-25 ปี,นักเรียน / นักศึกษา,"ดูหนัง / ฟังเพลง, เล่นเกม, ถ่ายรูป ถ่ายวีดีโอ",TikTok,0 - 1 ชั่วโมง,จำเป็นมากที่สุด,Apple,ราคา,5,ความกังวลเกี่ยวกับความปลอดภัยของการชำระเงิน,"น้อยกว่า 15,000 บาท",นักเรียน / นักศึกษา
หญิง,18-25 ปี,นักเรียน / นักศึกษา,"ดูหนัง / ฟังเพลง, เล่นเกม, ถ่ายรูป ถ่ายวีดีโอ",Instagram,มากกว่า 5 ชั่วโมง,จำเป็นมากที่สุด,Apple,ฟีเจอร์สินค้า,4,ความกังวลเกี่ยวกับความปลอดภัยของการชำระเงิน,"น้อยกว่า 15,000 บาท",นักเรียน / นักศึกษา
หญิง,18-25 ปี,โสด,"ติดต่อสื่อสาร / ประชุมงาน, โซเชียลมีเดีย",Instagram,1 - 3 ชั่วโมง,จำเป็น,Apple,ฟีเจอร์สินค้า,4,ความไม่แน่นอนเกี่ยวกับการรับประกันและการบริการหลังการขาย,"15,001 - 20,000 บาท",นักเรียน / นักศึกษา
หญิง,18-25 ปี,โสด,"ติดต่อสื่อสาร / ประชุมงาน, โซเชียลมีเดีย",Instagram,1 - 3 ชั่วโมง,จำเป็น,Apple,ฟีเจอร์สินค้า,4,ไม่สามารถสัมผัสหรือลองสินค้าได้จริง,"15,001 - 20,000 บาท",นักเรียน / นักศึกษา
Lgbtq+,18-25 ปี,โสด,"ดูหนัง / ฟังเพลง, ถ่ายรูป ถ่ายวีดีโอ, โซเชียลมีเดีย",Instagram,3 - 5 ชั่วโมง,จำเป็นมากที่สุด,XIAOMI,รีวิวสินค้า,4,ไม่สามารถสัมผัสหรือลองสินค้าได้จริง,"น้อยกว่า 15,000 บาท",นักเรียน / นักศึกษา
หญิง,18-25 ปี,โสด,"ดูหนัง / ฟังเพลง, เล่นเกม, ติดต่อสื่อสาร / ประชุมงาน",TikTok,มากกว่า 5 ชั่วโมง,จำเป็นมากที่สุด,Samsung,ราคา,5,ความไม่แน่นอนเกี่ยวกับการรับประกันและการบริการหลังการขาย,"น้อยกว่า 15,000 บาท",นักเรียน / นักศึกษา
หญิง,18-25 ปี,โสด,"ดูหนัง / ฟังเพลง, ติดต่อสื่อสาร / ประชุมงาน, โซเชียลมีเดีย",Facebook Messenger,มากกว่า 5 ชั่วโมง,จำเป็นมากที่สุด,Samsung,รีวิวสินค้า,5,ไม่สามารถสัมผัสหรือลองสินค้าได้จริง,"น้อยกว่า 15,000 บาท",นักเรียน / นักศึกษา
หญิง,18-25 ปี,โสด,"ดูหนัง / ฟังเพลง, เล่นเกม, Appication บน cloud",Instagram,3 - 5 ชั่วโมง,จำเป็น,Samsung,ฟีเจอร์สินค้า,3,ความกังวลเกี่ยวกับความปลอดภัยของการชำระเงิน,"น้อยกว่า 15,000 บาท",นักเรียน / นักศึกษา
หญิง,18-25 ปี,โสด,"Appication บน cloud, ติดต่อสื่อสาร / ประชุมงาน, โซเชียลมีเดีย",Facebook Messenger,1 - 3 ชั่วโมง,จำเป็น,Apple,รีวิวสินค้า,3,ความกังวลเกี่ยวกับความปลอดภัยของการชำระเงิน,"น้อยกว่า 15,000 บาท",นักเรียน / นักศึกษา
ชาย,18-25 ปี,โสด,ดูหนัง / ฟังเพลง,YouTube,1 - 3 ชั่วโมง,จำเป็น,Apple,ราคา,3,ความไม่แน่นอนเกี่ยวกับการรับประกันและการบริการหลังการขาย,"20,001 - 30,000 บาท",พนักงานบริษัทเอกชน
Lgbtq+,18-25 ปี,โสด,"ดูหนัง / ฟังเพลง, ถ่ายรูป ถ่ายวีดีโอ, โซเชียลมีเดีย",Instagram,3 - 5 ชั่วโมง,จำเป็นมากที่สุด,Apple,ฟีเจอร์สินค้า,5,ความไม่แน่นอนเกี่ยวกับการรับประกันและการบริการหลังการขาย,"20,001 - 30,000 บาท",นักเรียน / นักศึกษา
ชาย,18-25 ปี,โสด,"ดูหนัง / ฟังเพลง, เล่นเกม, โซเชียลมีเดีย",Instagram,มากกว่า 5 ชั่วโมง,จำเป็นมากที่สุด,Apple,ฟีเจอร์สินค้า,4,ไม่สามารถสัมผัสหรือลองสินค้าได้จริง,"น้อยกว่า 15,000 บาท",นักเรียน / นักศึกษา
หญิง,18-25 ปี,โสด,"ดูหนัง / ฟังเพลง, เล่นเกม, โซเชียลมีเดีย",Facebook,3 - 5 ชั่วโมง,จำเป็นมากที่สุด,Samsung,รีวิวสินค้า,4,ความไม่แน่นอนเกี่ยวกับการรับประกันและการบริการหลังการขาย,"น้อยกว่า 15,000 บาท",นักเรียน / นักศึกษา
ชาย,18-25 ปี,โสด,"ดูหนัง / ฟังเพลง, ถ่ายรูป ถ่ายวีดีโอ, ติดต่อสื่อสาร / ประชุมงาน",Instagram,3 - 5 ชั่วโมง,จำเป็นมากที่สุด,Apple,ฟีเจอร์สินค้า,4,ความไม่แน่นอนเกี่ยวกับการรับประกันและการบริการหลังการขาย,"15,001 - 20,000 บาท",นักเรียน / นักศึกษา
หญิง,18-25 ปี,โสด,"ดูหนัง / ฟังเพลง, โซเชียลมีเดีย",Facebook Messenger,มากกว่า 5 ชั่วโมง,จำเป็นมากที่สุด,Apple,ฟีเจอร์สินค้า,4,ไม่สามารถสัมผัสหรือลองสินค้าได้จริง,"น้อยกว่า 15,000 บาท",นักเรียน / นักศึกษา
หญิง,18-25 ปี,โสด,"ดูหนัง / ฟังเพลง, ถ่ายรูป ถ่ายวีดีโอ, โซเชียลมีเดีย",TikTok,มากกว่า 5 ชั่วโมง,จำเป็นมากที่สุด,Apple,ฟีเจอร์สินค้า,4,ความกังวลเกี่ยวกับความปลอดภัยของการชำระเงิน,"น้อยกว่า 15,000 บาท",นักเรียน / นักศึกษา
หญิง,18-25 ปี,โสด,"ดูหนัง / ฟังเพลง, เล่นเกม, โซเชียลมีเดีย",Instagram,3 - 5 ชั่วโมง,จำเป็นมากที่สุด,Apple,ฟีเจอร์สินค้า,5,ไม่สามารถสัมผัสหรือลองสินค้าได้จริง,"15,001 - 20,000 บาท",นักเรียน / นักศึกษา
ชาย,18-25 ปี,โสด,"ดูหนัง / ฟังเพลง, เล่นเกม, ถ่ายรูป ถ่ายวีดีโอ",Facebook,มากกว่า 5 ชั่วโมง,จำเป็นมากที่สุด,realme,ฟีเจอร์สินค้า,5,ความไม่แน่นอนเกี่ยวกับการรับประกันและการบริการหลังการขาย,"น้อยกว่า 15,000 บาท",นักเรียน / นักศึกษา
หญิง,18-25 ปี,โสด,"ดูหนัง / ฟังเพลง, เล่นเกม, ติดต่อสื่อสาร / ประชุมงาน",Instagram,มากกว่า 5 ชั่วโมง,จำเป็น,Apple,ฟีเจอร์สินค้า,3,ไม่สามารถสัมผัสหรือลองสินค้าได้จริง,"น้อยกว่า 15,000 บาท",นักเรียน / นักศึกษา
ชาย,18-25 ปี,โสด,"ดูหนัง / ฟังเพลง, เล่นเกม, โซเชียลมีเดีย",YouTube,3 - 5 ชั่วโมง,จำเป็น,Samsung,ฟีเจอร์สินค้า,1,ไม่สามารถสัมผัสหรือลองสินค้าได้จริง,"น้อยกว่า 15,000 บาท",นักเรียน / นักศึกษา
หญิง,18-25 ปี,โสด,"ดูหนัง / ฟังเพลง, ถ่ายรูป ถ่ายวีดีโอ, ติดต่อสื่อสาร / ประชุมงาน",TikTok,3 - 5 ชั่วโมง,จำเป็นมากที่สุด,Vivo,ฟีเจอร์สินค้า,4,ความไม่แน่นอนเกี่ยวกับการรับประกันและการบริการหลังการขาย,"น้อยกว่า 15,000 บาท",นักเรียน / นักศึกษา
ชาย,18-25 ปี,โสด,"ดูหนัง / ฟังเพลง, เล่นเกม, โซเชียลมีเดีย",YouTube,3 - 5 ชั่วโมง,จำเป็นมากที่สุด,Apple,รีวิวสินค้า,5,ความไม่แน่นอนเกี่ยวกับการรับประกันและการบริการหลังการขาย,"น้อยกว่า 15,000 บาท",นักเรียน / นักศึกษา
ชาย,18-25 ปี,โสด,"ดูหนัง / ฟังเพลง, เล่นเกม, โซเชียลมีเดีย",Facebook,มากกว่า 5 ชั่วโมง,จำเป็นมากที่สุด,Redmi,ราคา,5,ความล่าช้าในการจัดส่งหรือปัญหาในการจัดส่ง,"น้อยกว่า 15,000 บาท",นักเรียน / นักศึกษา
ชาย,18-25 ปี,โสด,เล่นเกม,Instagram,มากกว่า 5 ชั่วโมง,จำเป็น,Apple,ฟีเจอร์สินค้า,5,ความกังวลเกี่ยวกับความปลอดภัยของการชำระเงิน,"มากกว่า 50,001 บาทขึ้นไป",นักเรียน / นักศึกษา
ชาย,18-25 ปี,โสด,"ดูหนัง / ฟังเพลง, ติดต่อสื่อสาร / ประชุมงาน, โซเชียลมีเดีย",YouTube,3 - 5 ชั่วโมง,จำเป็นมากที่สุด,Vivo,ฟีเจอร์สินค้า,4,ความไม่แน่นอนเกี่ยวกับการรับประกันและการบริการหลังการขาย,"น้อยกว่า 15,000 บาท",นักเรียน / นักศึกษา
ชาย,18-25 ปี,โสด,"ดูหนัง / ฟังเพลง, เล่นเกม, โซเชียลมีเดีย",YouTube,มากกว่า 5 ชั่วโมง,จำเป็นมากที่สุด,Oppo,ราคา,3,ความล่าช้าในการจัดส่งหรือปัญหาในการจัดส่ง,"น้อยกว่า 15,000 บาท",นักเรียน / นักศึกษา
ชาย,18-25 ปี,โสด,"ดูหนัง / ฟังเพลง, ถ่ายรูป ถ่ายวีดีโอ, ติดต่อสื่อสาร / ประชุมงาน",Facebook,มากกว่า 5 ชั่วโมง,จำเป็นมากที่สุด,Samsung,รีวิวสินค้า,4,ความไม่แน่นอนเกี่ยวกับการรับประกันและการบริการหลังการขาย,"น้อยกว่า 15,000 บาท",นักเรียน / นักศึกษา
ชาย,18-25 ปี,โสด,"เล่นเกม, ถ่ายรูป ถ่ายวีดีโอ, Appication บน cloud",Telegram,มากกว่า 5 ชั่วโมง,จำเป็น,Oppo,ราคา,4,ความไม่แน่นอนเกี่ยวกับการรับประกันและการบริการหลังการขาย,"น้อยกว่า 15,000 บาท",นักเรียน / นักศึกษา
ชาย,18-25 ปี,โสด,"ดูหนัง / ฟังเพลง, ติดต่อสื่อสาร / ประชุมงาน, โซเชียลมีเดีย",YouTube,3 - 5 ชั่วโมง,จำเป็น,Samsung,ฟีเจอร์สินค้า,4,ไม่สามารถสัมผัสหรือลองสินค้าได้จริง,"15,001 - 20,000 บาท",นักเรียน / นักศึกษา
ชาย,18-25 ปี,โสด,"ดูหนัง / ฟังเพลง, เล่นเกม, ติดต่อสื่อสาร / ประชุมงาน",Facebook,3 - 5 ชั่วโมง,จำเป็น,Oppo,ฟีเจอร์สินค้า,3,ไม่สามารถสัมผัสหรือลองสินค้าได้จริง,"น้อยกว่า 15,000 บาท",นักเรียน / นักศึกษา
ชาย,18-25 ปี,โสด,"ดูหนัง / ฟังเพลง, เล่นเกม, ติดต่อสื่อสาร / ประชุมงาน",YouTube,มากกว่า 5 ชั่วโมง,จำเป็น,Vivo,ราคา,4,ความไม่แน่นอนเกี่ยวกับการรับประกันและการบริการหลังการขาย,"น้อยกว่า 15,000 บาท",นักเรียน / นักศึกษา
ชาย,18-25 ปี,โสด,"ดูหนัง / ฟังเพลง, เล่นเกม, Appication บน cloud",YouTube,มากกว่า 5 ชั่วโมง,จำเป็น,Apple,ฟีเจอร์สินค้า,4,ความไม่แน่นอนเกี่ยวกับการรับประกันและการบริการหลังการขาย,"น้อยกว่า 15,000 บาท",นักเรียน / นักศึกษา
หญิง,18-25 ปี,โสด,"ดูหนัง / ฟังเพลง, ติดต่อสื่อสาร / ประชุมงาน, โซเชียลมีเดีย",Facebook Messenger,3 - 5 ชั่วโมง,จำเป็น,Apple,รีวิวสินค้า,4,ความล่าช้าในการจัดส่งหรือปัญหาในการจัดส่ง,"น้อยกว่า 15,000 บาท",นักเรียน / นักศึกษา
หญิง,18-25 ปี,โสด,"ดูหนัง / ฟังเพลง, โซเชียลมีเดีย",YouTube,มากกว่า 5 ชั่วโมง,จำเป็น,Apple,ฟีเจอร์สินค้า,4,ความไม่แน่นอนเกี่ยวกับการรับประกันและการบริการหลังการขาย,"น้อยกว่า 15,000 บาท",นักเรียน / นักศึกษา
ชาย,26-32 ปี,สมรส,เล่นเกม,YouTube,มากกว่า 5 ชั่วโมง,จำเป็นมากที่สุด,Apple,ราคา,5,ไม่สามารถสัมผัสหรือลองสินค้าได้จริง,"30,001 - 40,000 บาท",เจ้าของธุรกิจ/ธุรกิจส่วนตัว
หญิง,18-25 ปี,โสด,"เล่นเกม, ถ่ายรูป ถ่ายวีดีโอ, โซเชียลมีเดีย",Instagram,มากกว่า 5 ชั่วโมง,จำเป็น,Samsung,รีวิวสินค้า,5,ความล่าช้าในการจัดส่งหรือปัญหาในการจัดส่ง,"น้อยกว่า 15,000 บาท",นักเรียน / นักศึกษา
ชาย,18-25 ปี,โสด,"ดูหนัง / ฟังเพลง, เล่นเกม",Instagram,มากกว่า 5 ชั่วโมง,จำเป็นมากที่สุด,Vivo,ราคา,5,ความล่าช้าในการจัดส่งหรือปัญหาในการจัดส่ง,"น้อยกว่า 15,000 บาท",นักเรียน / นักศึกษา
ชาย,18-25 ปี,โสด,"ดูหนัง / ฟังเพลง, เล่นเกม, โซเชียลมีเดีย",Instagram,3 - 5 ชั่วโมง,จำเป็นมากที่สุด,XIAOMI,รีวิวสินค้า,4,ความกังวลเกี่ยวกับความปลอดภัยของการชำระเงิน,"น้อยกว่า 15,000 บาท",นักเรียน / นักศึกษา
ชาย,18-25 ปี,โสด,ดูหนัง / ฟังเพลง,YouTube,3 - 5 ชั่วโมง,จำเป็นมากที่สุด,XIAOMI,ราคา,3,ความกังวลเกี่ยวกับความปลอดภัยของการชำระเงิน,"น้อยกว่า 15,000 บาท",นักเรียน / นักศึกษา
หญิง,18-25 ปี,โสด,"ดูหนัง / ฟังเพลง, เล่นเกม, ถ่ายรูป ถ่ายวีดีโอ",YouTube,มากกว่า 5 ชั่วโมง,จำเป็นมากที่สุด,XIAOMI,รีวิวสินค้า,3,ไม่สามารถสัมผัสหรือลองสินค้าได้จริง,"น้อยกว่า 15,000 บาท",นักเรียน / นักศึกษา
หญิง,18-25 ปี,โสด,"ดูหนัง / ฟังเพลง, เล่นเกม, โซเชียลมีเดีย",YouTube,มากกว่า 5 ชั่วโมง,จำเป็นมากที่สุด,Apple,ฟีเจอร์สินค้า,4,ความไม่แน่นอนเกี่ยวกับการรับประกันและการบริการหลังการขาย,"น้อยกว่า 15,000 บาท",นักเรียน / นักศึกษา
หญิง,18-25 ปี,โสด,"ดูหนัง / ฟังเพลง, ถ่ายรูป ถ่ายวีดีโอ, โซเชียลมีเดีย",TikTok,3 - 5 ชั่วโมง,จำเป็นมากที่สุด,Apple,รีวิวสินค้า,3,ความไม่แน่นอนเกี่ยวกับการรับประกันและการบริการหลังการขาย,"น้อยกว่า 15,000 บาท",นักเรียน / นักศึกษา
ชาย,18-25 ปี,โสด,"ดูหนัง / ฟังเพลง, เล่นเกม, โซเชียลมีเดีย",TikTok,มากกว่า 5 ชั่วโมง,จำเป็นมากที่สุด,Samsung,ฟีเจอร์สินค้า,5,ความกังวลเกี่ยวกับความปลอดภัยของการชำระเงิน,"น้อยกว่า 15,000 บาท",นักเรียน / นักศึกษา
ชาย,18-25 ปี,โสด,"ดูหนัง / ฟังเพลง, เล่นเกม, โซเชียลมีเดีย",Facebook,3 - 5 ชั่วโมง,จำเป็นมากที่สุด,Apple,ราคา,5,ความไม่แน่นอนเกี่ยวกับการรับประกันและการบริการหลังการขาย,"น้อยกว่า 15,000 บาท",นักเรียน / นักศึกษา
หญิง,18-25 ปี,โสด,"ดูหนัง / ฟังเพลง, ติดต่อสื่อสาร / ประชุมงาน, โซเชียลมีเดีย","Instagram, YouTube, TikTok",มากกว่า 5 ชั่วโมง,จำเป็นมากที่สุด,Apple,ฟีเจอร์สินค้า,5,ไม่สามารถสัมผัสหรือลองสินค้าได้จริง,"น้อยกว่า 15,000 บาท",นักเรียน / นักศึกษา
หญิง,18-25 ปี,โสด,"Appication บน cloud, ติดต่อสื่อสาร / ประชุมงาน, โซเชียลมีเดีย","Instagram, YouTube, Facebook Messenger, TikTok",มากกว่า 5 ชั่วโมง,จำเป็นมากที่สุด,Apple,รีวิวสินค้า,5,ไม่สามารถสัมผัสหรือลองสินค้าได้จริง,"น้อยกว่า 15,000 บาท",นักเรียน / นักศึกษา
หญิง,18-25 ปี,โสด,"ดูหนัง / ฟังเพลง, ถ่ายรูป ถ่ายวีดีโอ, Appication บน cloud","Instagram, TikTok",มากกว่า 5 ชั่วโมง,จำเป็น,Apple,ฟีเจอร์สินค้า,4,ความกังวลเกี่ยวกับความปลอดภัยของการชำระเงิน,"น้อยกว่า 15,000 บาท",นักเรียน / นักศึกษา
หญิง,18-25 ปี,โสด,"ดูหนัง / ฟังเพลง, ถ่ายรูป ถ่ายวีดีโอ, ติดต่อสื่อสาร / ประชุมงาน","Instagram, YouTube, Spotify, Telegram",3 - 5 ชั่วโมง,จำเป็นมากที่สุด,Apple,ฟีเจอร์สินค้า,4,ไม่สามารถสัมผัสหรือลองสินค้าได้จริง,"น้อยกว่า 15,000 บาท",นักเรียน / นักศึกษา
หญิง,18-25 ปี,โสด,"Appication บน cloud, ติดต่อสื่อสาร / ประชุมงาน, โซเชียลมีเดีย","Instagram, Facebook, Facebook Messenger, TikTok",3 - 5 ชั่วโมง,จำเป็นมากที่สุด,Apple,ฟีเจอร์สินค้า,4,ความกังวลเกี่ยวกับความปลอดภัยของการชำระเงิน,"15,001 - 20,000 บาท",พนักงานข้าราชการ
ชาย,18-25 ปี,โสด,"ดูหนัง / ฟังเพลง, เล่นเกม, โซเชียลมีเดีย","Instagram, Facebook, YouTube, Facebook Messenger, TikTok",มากกว่า 5 ชั่วโมง,จำเป็น,Apple,ฟีเจอร์สินค้า,5,ไม่สามารถสัมผัสหรือลองสินค้าได้จริง,"น้อยกว่า 15,000 บาท",นักเรียน / นักศึกษา
ชาย,18-25 ปี,โสด,"ดูหนัง / ฟังเพลง, เล่นเกม","YouTube, TikTok",มากกว่า 5 ชั่วโมง,จำเป็นมากที่สุด,Samsung,ราคา,3,ความล่าช้าในการจัดส่งหรือปัญหาในการจัดส่ง,"น้อยกว่า 15,000 บาท",นักเรียน / นักศึกษา
ชาย,18-25 ปี,โสด,"ดูหนัง / ฟังเพลง, เล่นเกม, โซเชียลมีเดีย","Facebook, YouTube, Facebook Messenger, TikTok",3 - 5 ชั่วโมง,จำเป็นมากที่สุด,Oppo,ราคา,4,ความไม่แน่นอนเกี่ยวกับการรับประกันและการบริการหลังการขาย,"น้อยกว่า 15,000 บาท",นักเรียน / นักศึกษา
หญิง,26-32 ปี,สมรส,"ดูหนัง / ฟังเพลง, ติดต่อสื่อสาร / ประชุมงาน, โซเชียลมีเดีย","Instagram, Facebook, YouTube, Facebook Messenger",3 - 5 ชั่วโมง,จำเป็นมากที่สุด,Apple,ราคา,5,ไม่สามารถสัมผัสหรือลองสินค้าได้จริง,"20,001 - 30,000 บาท",เจ้าของธุรกิจ/ธุรกิจส่วนตัว
ชาย,18-25 ปี,โสด,"ดูหนัง / ฟังเพลง, เล่นเกม, ติดต่อสื่อสาร / ประชุมงาน","Instagram, Facebook, YouTube, Facebook Messenger, TikTok",0 - 1 ชั่วโมง,จำเป็น,XIAOMI,ฟีเจอร์สินค้า,5,ไม่สามารถสัมผัสหรือลองสินค้าได้จริง,"น้อยกว่า 15,000 บาท",นักเรียน / นักศึกษา
ชาย,18-25 ปี,โสด,"ดูหนัง / ฟังเพลง, ถ่ายรูป ถ่ายวีดีโอ, โซเชียลมีเดีย","Instagram, Facebook, YouTube, Facebook Messenger, Spotify, TikTok",1 - 3 ชั่วโมง,จำเป็น,Apple,รีวิวสินค้า,5,ไม่สามารถสัมผัสหรือลองสินค้าได้จริง,"น้อยกว่า 15,000 บาท",นักเรียน / นักศึกษา
ชาย,18-25 ปี,โสด,"ดูหนัง / ฟังเพลง, เล่นเกม, ถ่ายรูป ถ่ายวีดีโอ","Instagram, YouTube, Facebook Messenger, Spotify, TikTok",1 - 3 ชั่วโมง,จำเป็น,Realme,ฟีเจอร์สินค้า,5,ความไม่แน่นอนเกี่ยวกับการรับประกันและการบริการหลังการขาย,"น้อยกว่า 15,000 บาท",นักเรียน / นักศึกษา
ชาย,18-25 ปี,โสด,"ดูหนัง / ฟังเพลง, เล่นเกม","Instagram, Facebook, YouTube, Facebook Messenger, TikTok",มากกว่า 5 ชั่วโมง,จำเป็นมากที่สุด,Apple,ฟีเจอร์สินค้า,5,ไม่สามารถสัมผัสหรือลองสินค้าได้จริง,"น้อยกว่า 15,000 บาท",นักเรียน / นักศึกษา
ชาย,18-25 ปี,โสด,"ดูหนัง / ฟังเพลง, ติดต่อสื่อสาร / ประชุมงาน, โซเชียลมีเดีย","Instagram, Facebook, YouTube, Facebook Messenger, TikTok",1 - 3 ชั่วโมง,จำเป็นมากที่สุด,Apple,ราคา,4,ไม่สามารถสัมผัสหรือลองสินค้าได้จริง,"น้อยกว่า 15,000 บาท",นักเรียน / นักศึกษา
ชาย,18-25 ปี,โสด,"ดูหนัง / ฟังเพลง, เล่นเกม, โซเชียลมีเดีย","Instagram, Facebook, YouTube, Snapchat, Facebook Messenger, Spotify, TikTok",0 - 1 ชั่วโมง,จำเป็น,Apple,ราคา,4,ความไม่แน่นอนเกี่ยวกับการรับประกันและการบริการหลังการขาย,"น้อยกว่า 15,000 บาท",นักเรียน / นักศึกษา
ชาย,18-25 ปี,โสด,"เล่นเกม, ถ่ายรูป ถ่ายวีดีโอ, โซเชียลมีเดีย","Instagram, Facebook, YouTube, Facebook Messenger, TikTok",มากกว่า 5 ชั่วโมง,จำเป็นมากที่สุด,Apple,รีวิวสินค้า,5,ความไม่แน่นอนเกี่ยวกับการรับประกันและการบริการหลังการขาย,"น้อยกว่า 15,000 บาท",นักเรียน / นักศึกษา
ชาย,18-25 ปี,โสด,"ดูหนัง / ฟังเพลง, เล่นเกม","Instagram, Facebook, YouTube, Facebook Messenger, TikTok",มากกว่า 5 ชั่วโมง,จำเป็น,Realme ,รีวิวสินค้า,4,ความกังวลเกี่ยวกับความปลอดภัยของการชำระเงิน,"น้อยกว่า 15,000 บาท",นักเรียน / นักศึกษา
ชาย,18-25 ปี,โสด,"ดูหนัง / ฟังเพลง, เล่นเกม, โซเชียลมีเดีย","Instagram, Facebook, YouTube, Facebook Messenger, Spotify, WhatsApp, TikTok, Telegram",มากกว่า 5 ชั่วโมง,จำเป็นมากที่สุด,Apple,ราคา,4,ความกังวลเกี่ยวกับความปลอดภัยของการชำระเงิน,"น้อยกว่า 15,000 บาท",นักเรียน / นักศึกษา
ชาย,18-25 ปี,โสด,"ดูหนัง / ฟังเพลง, เล่นเกม, โซเชียลมีเดีย","Instagram, Facebook, YouTube, Facebook Messenger, TikTok",มากกว่า 5 ชั่วโมง,จำเป็นมากที่สุด,Realme,ฟีเจอร์สินค้า,5,ความล่าช้าในการจัดส่งหรือปัญหาในการจัดส่ง,"น้อยกว่า 15,000 บาท",นักเรียน / นักศึกษา
ชาย,18-25 ปี,โสด,"เล่นเกม, ถ่ายรูป ถ่ายวีดีโอ, Appication บน cloud","Instagram, Facebook, YouTube, Facebook Messenger, Spotify, TikTok, Telegram",1 - 3 ชั่วโมง,จำเป็น,Apple,รีวิวสินค้า,5,ความไม่แน่นอนเกี่ยวกับการรับประกันและการบริการหลังการขาย,"น้อยกว่า 15,000 บาท",นักเรียน / นักศึกษา
ชาย,18-25 ปี,โสด,"ถ่ายรูป ถ่ายวีดีโอ, ติดต่อสื่อสาร / ประชุมงาน, โซเชียลมีเดีย","Instagram, Facebook, Facebook Messenger, TikTok, Telegram",มากกว่า 5 ชั่วโมง,จำเป็นมากที่สุด,Apple,ราคา,4,ไม่สามารถสัมผัสหรือลองสินค้าได้จริง,"น้อยกว่า 15,000 บาท",นักเรียน / นักศึกษา
ชาย,18-25 ปี,โสด,"ดูหนัง / ฟังเพลง, เล่นเกม, โซเชียลมีเดีย","Instagram, Facebook, YouTube, Facebook Messenger, TikTok",มากกว่า 5 ชั่วโมง,จำเป็น,Apple,รีวิวสินค้า,5,ความไม่แน่นอนเกี่ยวกับการรับประกันและการบริการหลังการขาย,"น้อยกว่า 15,000 บาท",นักเรียน / นักศึกษา
หญิง,18-25 ปี,สมรส,"ดูหนัง / ฟังเพลง, ถ่ายรูป ถ่ายวีดีโอ, โซเชียลมีเดีย","Instagram, Facebook, Facebook Messenger, Spotify, TikTok",มากกว่า 5 ชั่วโมง,จำเป็นมากที่สุด,หัวเหว่ย,ราคา,5,ไม่สามารถสัมผัสหรือลองสินค้าได้จริง,"น้อยกว่า 15,000 บาท",นักเรียน / นักศึกษา
ชาย,18-25 ปี,โสด,"ดูหนัง / ฟังเพลง, เล่นเกม, โซเชียลมีเดีย","Facebook, YouTube, Facebook Messenger, Spotify",3 - 5 ชั่วโมง,จำเป็น,Apple,ราคา,4,ไม่สามารถสัมผัสหรือลองสินค้าได้จริง,"น้อยกว่า 15,000 บาท",นักเรียน / นักศึกษา
หญิง,18-25 ปี,โสด,"ดูหนัง / ฟังเพลง, ติดต่อสื่อสาร / ประชุมงาน, โซเชียลมีเดีย","Instagram, Facebook, YouTube, Facebook Messenger",มากกว่า 5 ชั่วโมง,จำเป็นมากที่สุด,XIAOMI,รีวิวสินค้า,2,ความไม่แน่นอนเกี่ยวกับการรับประกันและการบริการหลังการขาย,"น้อยกว่า 15,000 บาท",นักเรียน / นักศึกษา
ชาย,26-32 ปี,สมรส,"เล่นเกม, ถ่ายรูป ถ่ายวีดีโอ, โซเชียลมีเดีย","Instagram, Facebook, YouTube, Facebook Messenger, TikTok",มากกว่า 5 ชั่วโมง,จำเป็นมากที่สุด,Apple,ฟีเจอร์สินค้า,5,ความไม่แน่นอนเกี่ยวกับการรับประกันและการบริการหลังการขาย,"30,001 - 40,000 บาท",พนักงานข้าราชการ
หญิง,18-25 ปี,โสด,"ดูหนัง / ฟังเพลง, เล่นเกม, โซเชียลมีเดีย","Instagram, Facebook, YouTube, Facebook Messenger, Spotify, TikTok",มากกว่า 5 ชั่วโมง,จำเป็นมากที่สุด,Samsung,รีวิวสินค้า,4,ความกังวลเกี่ยวกับความปลอดภัยของการชำระเงิน,"น้อยกว่า 15,000 บาท",นักเรียน / นักศึกษา
หญิง,18-25 ปี,โสด,"ดูหนัง / ฟังเพลง, เล่นเกม, โซเชียลมีเดีย","Instagram, Facebook Messenger, TikTok",มากกว่า 5 ชั่วโมง,จำเป็นมากที่สุด,XIAOMI,ฟีเจอร์สินค้า,3,ไม่สามารถสัมผัสหรือลองสินค้าได้จริง,"น้อยกว่า 15,000 บาท",นักเรียน / นักศึกษา
หญิง,18-25 ปี,โสด,"ดูหนัง / ฟังเพลง, ถ่ายรูป ถ่ายวีดีโอ","Instagram, Facebook, YouTube, Facebook Messenger, Spotify, TikTok",มากกว่า 5 ชั่วโมง,จำเป็นมากที่สุด,Apple,ราคา,4,ความไม่แน่นอนเกี่ยวกับการรับประกันและการบริการหลังการขาย,"น้อยกว่า 15,000 บาท",นักเรียน / นักศึกษา
หญิง,18-25 ปี,โสด,"ดูหนัง / ฟังเพลง, เล่นเกม, โซเชียลมีเดีย",TikTok,3 - 5 ชั่วโมง,จำเป็น,Apple,รีวิวสินค้า,4,ความกังวลเกี่ยวกับความปลอดภัยของการชำระเงิน,"น้อยกว่า 15,000 บาท",นักเรียน / นักศึกษา
ชาย,18-25 ปี,โสด,"ดูหนัง / ฟังเพลง, เล่นเกม, โซเชียลมีเดีย","Instagram, Spotify, TikTok",มากกว่า 5 ชั่วโมง,จำเป็น,Apple,รีวิวสินค้า,4,ความกังวลเกี่ยวกับความปลอดภัยของการชำระเงิน,"น้อยกว่า 15,000 บาท",นักเรียน / นักศึกษา
หญิง,18-25 ปี,โสด,"ดูหนัง / ฟังเพลง, เล่นเกม, โซเชียลมีเดีย","Instagram, Facebook, YouTube",3 - 5 ชั่วโมง,จำเป็นมากที่สุด,Apple,ฟีเจอร์สินค้า,4,ไม่สามารถสัมผัสหรือลองสินค้าได้จริง,"น้อยกว่า 15,000 บาท",นักเรียน / นักศึกษา
ชาย,18-25 ปี,โสด,"ดูหนัง / ฟังเพลง, เล่นเกม, ถ่ายรูป ถ่ายวีดีโอ","Instagram, Facebook, YouTube, Facebook Messenger, TikTok",มากกว่า 5 ชั่วโมง,จำเป็นมากที่สุด,Apple,ฟีเจอร์สินค้า,4,ความไม่แน่นอนเกี่ยวกับการรับประกันและการบริการหลังการขาย,"น้อยกว่า 15,000 บาท",นักเรียน / นักศึกษา
หญิง,18-25 ปี,โสด,"ดูหนัง / ฟังเพลง, ถ่ายรูป ถ่ายวีดีโอ, โซเชียลมีเดีย","Instagram, YouTube, TikTok",มากกว่า 5 ชั่วโมง,จำเป็นมากที่สุด,Apple,ฟีเจอร์สินค้า,4,ไม่สามารถสัมผัสหรือลองสินค้าได้จริง,"น้อยกว่า 15,000 บาท",นักเรียน / นักศึกษา
ชาย,18-25 ปี,โสด,"ดูหนัง / ฟังเพลง, เล่นเกม, โซเชียลมีเดีย","Instagram, Facebook, YouTube, Facebook Messenger, TikTok",3 - 5 ชั่วโมง,จำเป็น,Apple,ฟีเจอร์สินค้า,4,ไม่สามารถสัมผัสหรือลองสินค้าได้จริง,"น้อยกว่า 15,000 บาท",นักเรียน / นักศึกษา
ชาย,18-25 ปี,โสด,"ดูหนัง / ฟังเพลง, ติดต่อสื่อสาร / ประชุมงาน, โซเชียลมีเดีย","Instagram, Facebook, YouTube, Facebook Messenger, TikTok",มากกว่า 5 ชั่วโมง,จำเป็นมากที่สุด,Samsung,รีวิวสินค้า,4,ไม่สามารถสัมผัสหรือลองสินค้าได้จริง,"น้อยกว่า 15,000 บาท",นักเรียน / นักศึกษา
ชาย,18-25 ปี,โสด,"ดูหนัง / ฟังเพลง, เล่นเกม","Facebook, YouTube",มากกว่า 5 ชั่วโมง,จำเป็นมากที่สุด,HUAWEI,ฟีเจอร์สินค้า,3,ไม่สามารถสัมผัสหรือลองสินค้าได้จริง,"น้อยกว่า 15,000 บาท",นักเรียน / นักศึกษา
ชาย,18-25 ปี,โสด,"ดูหนัง / ฟังเพลง, เล่นเกม, โซเชียลมีเดีย","Instagram, Facebook, YouTube, Facebook Messenger, Spotify, TikTok",มากกว่า 5 ชั่วโมง,จำเป็น,Vivo,ฟีเจอร์สินค้า,4,ความกังวลเกี่ยวกับความปลอดภัยของการชำระเงิน,"น้อยกว่า 15,000 บาท",นักเรียน / นักศึกษา
หญิง,18-25 ปี,โสด,"ดูหนัง / ฟังเพลง, ถ่ายรูป ถ่ายวีดีโอ, ติดต่อสื่อสาร / ประชุมงาน","Instagram, YouTube, Facebook Messenger, TikTok",3 - 5 ชั่วโมง,จำเป็นมากที่สุด,Apple,ราคา,5,ความกังวลเกี่ยวกับความปลอดภัยของการชำระเงิน,"15,001 - 20,000 บาท",เจ้าของธุรกิจ/ธุรกิจส่วนตัว
หญิง,18-25 ปี,โสด,ดูหนัง / ฟังเพลง,"Instagram, YouTube, TikTok",3 - 5 ชั่วโมง,จำเป็นมากที่สุด,Apple,ฟีเจอร์สินค้า,4,ความกังวลเกี่ยวกับความปลอดภัยของการชำระเงิน,"น้อยกว่า 15,000 บาท",นักเรียน / นักศึกษา
หญิง,18-25 ปี,โสด,ดูหนัง / ฟังเพลง,Instagram,มากกว่า 5 ชั่วโมง,จำเป็นมากที่สุด,Realme,ฟีเจอร์สินค้า,5,ไม่สามารถสัมผัสหรือลองสินค้าได้จริง,"น้อยกว่า 15,000 บาท",นักเรียน / นักศึกษา
ชาย,18-25 ปี,โสด,"ดูหนัง / ฟังเพลง, ติดต่อสื่อสาร / ประชุมงาน, โซเชียลมีเดีย","Instagram, Facebook, YouTube, Facebook Messenger, Spotify, TikTok, Telegram",1 - 3 ชั่วโมง,จำเป็นมากที่สุด,เครื่องคิดเลข,ฟีเจอร์สินค้า,5,ความกังวลเกี่ยวกับความปลอดภัยของการชำระเงิน,"15,001 - 20,000 บาท",นักเรียน / นักศึกษา
ชาย,18-25 ปี,โสด,"ดูหนัง / ฟังเพลง, เล่นเกม, โซเชียลมีเดีย","Instagram, Facebook, YouTube, Facebook Messenger, Spotify",มากกว่า 5 ชั่วโมง,จำเป็น,Samsung,รีวิวสินค้า,4,ไม่สามารถสัมผัสหรือลองสินค้าได้จริง,"น้อยกว่า 15,000 บาท",นักเรียน / นักศึกษา
ชาย,18-25 ปี,โสด,"ดูหนัง / ฟังเพลง, เล่นเกม, โซเชียลมีเดีย","Instagram, Facebook, YouTube, Facebook Messenger, TikTok",มากกว่า 5 ชั่วโมง,จำเป็น,XIAOMI,ฟีเจอร์สินค้า,3,ไม่สามารถสัมผัสหรือลองสินค้าได้จริง,"น้อยกว่า 15,000 บาท",นักเรียน / นักศึกษา
ชาย,18-25 ปี,โสด,"ดูหนัง / ฟังเพลง, เล่นเกม, โซเชียลมีเดีย","Facebook, YouTube, Facebook Messenger",3 - 5 ชั่วโมง,จำเป็น,Samsung,ราคา,4,ความกังวลเกี่ยวกับความปลอดภัยของการชำระเงิน,"น้อยกว่า 15,000 บาท",นักเรียน / นักศึกษา
หญิง,33-40 ปี,สมรส,"ดูหนัง / ฟังเพลง, ถ่ายรูป ถ่ายวีดีโอ, ติดต่อสื่อสาร / ประชุมงาน","Facebook, YouTube, Facebook Messenger, TikTok",มากกว่า 5 ชั่วโมง,จำเป็นมากที่สุด,Huawei,ฟีเจอร์สินค้า,4,ไม่สามารถสัมผัสหรือลองสินค้าได้จริง,"20,001 - 30,000 บาท",พนักงานบริษัทเอกชน
ชาย,18-25 ปี,โสด,"ดูหนัง / ฟังเพลง, เล่นเกม, โซเชียลมีเดีย","Instagram, Facebook, Facebook Messenger, TikTok, Telegram",มากกว่า 5 ชั่วโมง,จำเป็น,Oppo,ฟีเจอร์สินค้า,3,ความไม่แน่นอนเกี่ยวกับการรับประกันและการบริการหลังการขาย,"น้อยกว่า 15,000 บาท",นักเรียน / นักศึกษา
ชาย,18-25 ปี,โสด,"ดูหนัง / ฟังเพลง, เล่นเกม, ติดต่อสื่อสาร / ประชุมงาน","Instagram, Facebook, YouTube, Facebook Messenger, TikTok, Telegram",มากกว่า 5 ชั่วโมง,จำเป็นมากที่สุด,XIAOMI,ฟีเจอร์สินค้า,2,ความไม่แน่นอนเกี่ยวกับการรับประกันและการบริการหลังการขาย,"น้อยกว่า 15,000 บาท",นักเรียน / นักศึกษา
หญิง,18-25 ปี,โสด,"ดูหนัง / ฟังเพลง, ถ่ายรูป ถ่ายวีดีโอ, โซเชียลมีเดีย","Instagram, YouTube, TikTok",มากกว่า 5 ชั่วโมง,จำเป็นมากที่สุด,Apple,ฟีเจอร์สินค้า,4,ไม่สามารถสัมผัสหรือลองสินค้าได้จริง,"น้อยกว่า 15,000 บาท",นักเรียน / นักศึกษา
หญิง,18-25 ปี,โสด,"ดูหนัง / ฟังเพลง, ติดต่อสื่อสาร / ประชุมงาน, โซเชียลมีเดีย","Instagram, Facebook, YouTube, Facebook Messenger, Spotify, TikTok",มากกว่า 5 ชั่วโมง,จำเป็น,Samsung,รีวิวสินค้า,4,ความไม่แน่นอนเกี่ยวกับการรับประกันและการบริการหลังการขาย,"น้อยกว่า 15,000 บาท",นักเรียน / นักศึกษา
ชาย,18-25 ปี,โสด,"ดูหนัง / ฟังเพลง, เล่นเกม, โซเชียลมีเดีย","Instagram, Facebook, YouTube, Facebook Messenger, TikTok",มากกว่า 5 ชั่วโมง,จำเป็นมากที่สุด,Apple,ฟีเจอร์สินค้า,5,ความไม่แน่นอนเกี่ยวกับการรับประกันและการบริการหลังการขาย,"น้อยกว่า 15,000 บาท",นักเรียน / นักศึกษา
หญิง,18-25 ปี,โสด,"ดูหนัง / ฟังเพลง, ถ่ายรูป ถ่ายวีดีโอ, โซเชียลมีเดีย","Instagram, YouTube, Spotify, TikTok",3 - 5 ชั่วโมง,จำเป็นมากที่สุด,Apple,ฟีเจอร์สินค้า,5,ความกังวลเกี่ยวกับความปลอดภัยของการชำระเงิน,"น้อยกว่า 15,000 บาท",นักเรียน / นักศึกษา
หญิง,18-25 ปี,โสด,"ดูหนัง / ฟังเพลง, ถ่ายรูป ถ่ายวีดีโอ, โซเชียลมีเดีย","Instagram, TikTok",มากกว่า 5 ชั่วโมง,จำเป็นมากที่สุด,Apple,รีวิวสินค้า,5,ไม่สามารถสัมผัสหรือลองสินค้าได้จริง,"น้อยกว่า 15,000 บาท",นักเรียน / นักศึกษา
หญิง,18-25 ปี,โสด,"ดูหนัง / ฟังเพลง, ถ่ายรูป ถ่ายวีดีโอ, โซเชียลมีเดีย","Instagram, Facebook, YouTube, Facebook Messenger, Spotify, TikTok",มากกว่า 5 ชั่วโมง,จำเป็น,Apple,ฟีเจอร์สินค้า,4,ความกังวลเกี่ยวกับความปลอดภัยของการชำระเงิน,"น้อยกว่า 15,000 บาท",นักเรียน / นักศึกษา
หญิง,18-25 ปี,โสด,"ดูหนัง / ฟังเพลง, ถ่ายรูป ถ่ายวีดีโอ, โซเชียลมีเดีย","Instagram, TikTok",มากกว่า 5 ชั่วโมง,จำเป็นมากที่สุด,Apple,รีวิวสินค้า,4,ความกังวลเกี่ยวกับความปลอดภัยของการชำระเงิน,"น้อยกว่า 15,000 บาท",นักเรียน / นักศึกษา
หญิง,18-25 ปี,โสด,"ดูหนัง / ฟังเพลง, เล่นเกม, โซเชียลมีเดีย","Instagram, Facebook, YouTube, Facebook Messenger, TikTok, Line",มากกว่า 5 ชั่วโมง,จำเป็น,Oppo,รีวิวสินค้า,5,ไม่สามารถสัมผัสหรือลองสินค้าได้จริง,"น้อยกว่า 15,000 บาท",นักเรียน / นักศึกษา
หญิง,18-25 ปี,โสด,"Appication บน cloud, ติดต่อสื่อสาร / ประชุมงาน, โซเชียลมีเดีย","Instagram, Facebook, Facebook Messenger, TikTok, LINE",มากกว่า 5 ชั่วโมง,จำเป็นมากที่สุด,Apple,ราคา,5,ไม่สามารถสัมผัสหรือลองสินค้าได้จริง,"20,001 - 30,000 บาท",นักเรียน / นักศึกษา
หญิง,18-25 ปี,โสด,"ดูหนัง / ฟังเพลง, เล่นเกม, โซเชียลมีเดีย","Instagram, Facebook, YouTube, Facebook Messenger, Spotify, TikTok",มากกว่า 5 ชั่วโมง,จำเป็นมากที่สุด,Samsung,ฟีเจอร์สินค้า,5,ความไม่แน่นอนเกี่ยวกับการรับประกันและการบริการหลังการขาย,"น้อยกว่า 15,000 บาท",นักเรียน / นักศึกษา
หญิง,26-32 ปี,โสด,"ดูหนัง / ฟังเพลง, เล่นเกม, ถ่ายรูป ถ่ายวีดีโอ","Instagram, Facebook, YouTube, Facebook Messenger, TikTok",1 - 3 ชั่วโมง,จำเป็น,Apple,รีวิวสินค้า,4,ความกังวลเกี่ยวกับความปลอดภัยของการชำระเงิน,"น้อยกว่า 15,000 บาท",เจ้าของธุรกิจ/ธุรกิจส่วนตัว
หญิง,18-25 ปี,โสด,"ดูหนัง / ฟังเพลง, โซเชียลมีเดีย","Instagram, YouTube",มากกว่า 5 ชั่วโมง,จำเป็นมากที่สุด,Apple,ฟีเจอร์สินค้า,5,ความกังวลเกี่ยวกับความปลอดภัยของการชำระเงิน,"20,001 - 30,000 บาท",นักเรียน / นักศึกษา
หญิง,26-32 ปี,โสด,"ถ่ายรูป ถ่ายวีดีโอ, ติดต่อสื่อสาร / ประชุมงาน, โซเชียลมีเดีย","Instagram, Facebook, YouTube, Facebook Messenger, Spotify, TikTok",มากกว่า 5 ชั่วโมง,จำเป็น,Apple,รีวิวสินค้า,4,ไม่สามารถสัมผัสหรือลองสินค้าได้จริง,"20,001 - 30,000 บาท",เจ้าของธุรกิจ/ธุรกิจส่วนตัว
ชาย,18-25 ปี,โสด,"ดูหนัง / ฟังเพลง, เล่นเกม, โซเชียลมีเดีย","Instagram, Facebook, YouTube, Facebook Messenger, Telegram",3 - 5 ชั่วโมง,จำเป็น,XIAOMI,ราคา,4,ความไม่แน่นอนเกี่ยวกับการรับประกันและการบริการหลังการขาย,"น้อยกว่า 15,000 บาท",นักเรียน / นักศึกษา
หญิง,18-25 ปี,โสด,"ดูหนัง / ฟังเพลง, ถ่ายรูป ถ่ายวีดีโอ","Instagram, Facebook, YouTube, TikTok",มากกว่า 5 ชั่วโมง,จำเป็นมากที่สุด,Apple,ราคา,4,ความกังวลเกี่ยวกับความปลอดภัยของการชำระเงิน,"น้อยกว่า 15,000 บาท",นักเรียน / นักศึกษา
หญิง,18-25 ปี,โสด,"ดูหนัง / ฟังเพลง, เล่นเกม, โซเชียลมีเดีย","Instagram, Facebook, YouTube, Facebook Messenger, Spotify, TikTok",3 - 5 ชั่วโมง,จำเป็นมากที่สุด,Apple,รีวิวสินค้า,5,ไม่สามารถสัมผัสหรือลองสินค้าได้จริง,"น้อยกว่า 15,000 บาท",นักเรียน / นักศึกษา
หญิง,18-25 ปี,โสด,"ดูหนัง / ฟังเพลง, เล่นเกม, โซเชียลมีเดีย","Instagram, Facebook, YouTube, Facebook Messenger, Spotify, TikTok",3 - 5 ชั่วโมง,จำเป็นมากที่สุด,Apple,รีวิวสินค้า,5,ไม่สามารถสัมผัสหรือลองสินค้าได้จริง,"น้อยกว่า 15,000 บาท",นักเรียน / นักศึกษา
หญิง,18-25 ปี,โสด,"ดูหนัง / ฟังเพลง, ถ่ายรูป ถ่ายวีดีโอ","Instagram, Facebook, YouTube, TikTok",มากกว่า 5 ชั่วโมง,จำเป็นมากที่สุด,Apple,ราคา,4,ความกังวลเกี่ยวกับความปลอดภัยของการชำระเงิน,"น้อยกว่า 15,000 บาท",นักเรียน / นักศึกษา
ชาย,18-25 ปี,โสด,"ดูหนัง / ฟังเพลง, เล่นเกม, โซเชียลมีเดีย","Instagram, Facebook Messenger, TikTok",1 - 3 ชั่วโมง,จำเป็น,Vivo,รีวิวสินค้า,4,ไม่สามารถสัมผัสหรือลองสินค้าได้จริง,"15,001 - 20,000 บาท",เจ้าของธุรกิจ/ธุรกิจส่วนตัว
ชาย,18-25 ปี,โสด,"ดูหนัง / ฟังเพลง, เล่นเกม, โซเชียลมีเดีย","Instagram, Facebook, YouTube, Facebook Messenger, Spotify, TikTok, Telegram",มากกว่า 5 ชั่วโมง,จำเป็นมากที่สุด,XIAOMI,ราคา,4,ความไม่แน่นอนเกี่ยวกับการรับประกันและการบริการหลังการขาย,"น้อยกว่า 15,000 บาท",นักเรียน / นักศึกษา
ชาย,18-25 ปี,โสด,"ดูหนัง / ฟังเพลง, ถ่ายรูป ถ่ายวีดีโอ","Instagram, Facebook, YouTube, Facebook Messenger, TikTok",มากกว่า 5 ชั่วโมง,จำเป็น,Apple,ราคา,4,ความไม่แน่นอนเกี่ยวกับการรับประกันและการบริการหลังการขาย,"น้อยกว่า 15,000 บาท",นักเรียน / นักศึกษา
หญิง,18-25 ปี,โสด,"ดูหนัง / ฟังเพลง, ติดต่อสื่อสาร / ประชุมงาน, โซเชียลมีเดีย","Instagram, Facebook, YouTube, Facebook Messenger, TikTok",มากกว่า 5 ชั่วโมง,จำเป็นมากที่สุด,Apple,ฟีเจอร์สินค้า,4,ความกังวลเกี่ยวกับความปลอดภัยของการชำระเงิน,"น้อยกว่า 15,000 บาท",นักเรียน / นักศึกษา
หญิง,18-25 ปี,โสด,"ดูหนัง / ฟังเพลง, เล่นเกม, ถ่ายรูป ถ่ายวีดีโอ","Instagram, Facebook, YouTube, Facebook Messenger, Spotify, TikTok",มากกว่า 5 ชั่วโมง,จำเป็นมากที่สุด,Samsung,ราคา,5,ความไม่แน่นอนเกี่ยวกับการรับประกันและการบริการหลังการขาย,"น้อยกว่า 15,000 บาท",นักเรียน / นักศึกษา
ชาย,18-25 ปี,โสด,"ดูหนัง / ฟังเพลง, เล่นเกม, โซเชียลมีเดีย","Instagram, Facebook, YouTube, Facebook Messenger, TikTok, Telegram",มากกว่า 5 ชั่วโมง,จำเป็นมากที่สุด,Apple,ฟีเจอร์สินค้า,5,ไม่สามารถสัมผัสหรือลองสินค้าได้จริง,"น้อยกว่า 15,000 บาท",นักเรียน / นักศึกษา
ชาย,26-32 ปี,โสด,"ดูหนัง / ฟังเพลง, ติดต่อสื่อสาร / ประชุมงาน, โซเชียลมีเดีย","Instagram, Facebook, YouTube, Facebook Messenger, TikTok",มากกว่า 5 ชั่วโมง,จำเป็น,Samsung,ฟีเจอร์สินค้า,4,ความไม่แน่นอนเกี่ยวกับการรับประกันและการบริการหลังการขาย,"30,001 - 40,000 บาท",เจ้าของธุรกิจ/ธุรกิจส่วนตัว
ชาย,18-25 ปี,โสด,"ดูหนัง / ฟังเพลง, เล่นเกม, โซเชียลมีเดีย","Instagram, Facebook, YouTube, Facebook Messenger, TikTok",มากกว่า 5 ชั่วโมง,จำเป็นมากที่สุด,Samsung,รีวิวสินค้า,3,ความไม่แน่นอนเกี่ยวกับการรับประกันและการบริการหลังการขาย,"น้อยกว่า 15,000 บาท",นักเรียน / นักศึกษา
ชาย,26-32 ปี,โสด,"ดูหนัง / ฟังเพลง, ติดต่อสื่อสาร / ประชุมงาน, โซเชียลมีเดีย","Instagram, Facebook, YouTube, Facebook Messenger, TikTok",มากกว่า 5 ชั่วโมง,จำเป็น,Samsung,ฟีเจอร์สินค้า,4,ความล่าช้าในการจัดส่งหรือปัญหาในการจัดส่ง,"20,001 - 30,000 บาท",เจ้าของธุรกิจ/ธุรกิจส่วนตัว
ชาย,26-32 ปี,โสด,"ดูหนัง / ฟังเพลง, เล่นเกม",YouTube,มากกว่า 5 ชั่วโมง,จำเป็น,Apple,ฟีเจอร์สินค้า,4,ความกังวลเกี่ยวกับความปลอดภัยของการชำระเงิน,"15,001 - 20,000 บาท",เจ้าของธุรกิจ/ธุรกิจส่วนตัว
ชาย,18-25 ปี,โสด,"ดูหนัง / ฟังเพลง, เล่นเกม","Instagram, Facebook, YouTube, Facebook Messenger, TikTok",มากกว่า 5 ชั่วโมง,จำเป็นมากที่สุด,Apple,ฟีเจอร์สินค้า,5,ไม่สามารถสัมผัสหรือลองสินค้าได้จริง,"น้อยกว่า 15,000 บาท",นักเรียน / นักศึกษา
ชาย,18-25 ปี,โสด,"ดูหนัง / ฟังเพลง, เล่นเกม, ถ่ายรูป ถ่ายวีดีโอ","Instagram, Facebook, TikTok",มากกว่า 5 ชั่วโมง,จำเป็นมากที่สุด,Apple,ฟีเจอร์สินค้า,4,ไม่สามารถสัมผัสหรือลองสินค้าได้จริง,"น้อยกว่า 15,000 บาท",นักเรียน / นักศึกษา
ชาย,18-25 ปี,โสด,"ดูหนัง / ฟังเพลง, เล่นเกม, ถ่ายรูป ถ่ายวีดีโอ","Instagram, Facebook, YouTube, Facebook Messenger, Spotify, TikTok",3 - 5 ชั่วโมง,จำเป็น,Apple,ราคา,5,ความกังวลเกี่ยวกับความปลอดภัยของการชำระเงิน,"น้อยกว่า 15,000 บาท",นักเรียน / นักศึกษา
ชาย,18-25 ปี,โสด,"ถ่ายรูป ถ่ายวีดีโอ, ติดต่อสื่อสาร / ประชุมงาน, โซเชียลมีเดีย","Instagram, Facebook, YouTube, Facebook Messenger, Spotify, TikTok, Telegram",มากกว่า 5 ชั่วโมง,จำเป็น,Apple,ฟีเจอร์สินค้า,5,ไม่สามารถสัมผัสหรือลองสินค้าได้จริง,"น้อยกว่า 15,000 บาท",นักเรียน / นักศึกษา
ชาย,18-25 ปี,โสด,"ดูหนัง / ฟังเพลง, เล่นเกม, โซเชียลมีเดีย","Instagram, Facebook Messenger, TikTok",มากกว่า 5 ชั่วโมง,จำเป็น,Apple,ฟีเจอร์สินค้า,4,ความกังวลเกี่ยวกับความปลอดภัยของการชำระเงิน,"น้อยกว่า 15,000 บาท",นักเรียน / นักศึกษา
หญิง,18-25 ปี,โสด,"ดูหนัง / ฟังเพลง, เล่นเกม, โซเชียลมีเดีย","Instagram, Facebook, YouTube, Facebook Messenger, TikTok, Line, X",มากกว่า 5 ชั่วโมง,จำเป็นมากที่สุด,Vivo,ฟีเจอร์สินค้า,5,ความกังวลเกี่ยวกับความปลอดภัยของการชำระเงิน,"น้อยกว่า 15,000 บาท",นักเรียน / นักศึกษา
ชาย,18-25 ปี,โสด,"เล่นเกม, ถ่ายรูป ถ่ายวีดีโอ, ติดต่อสื่อสาร / ประชุมงาน","Instagram, Facebook, YouTube, Facebook Messenger, TikTok",1 - 3 ชั่วโมง,จำเป็นมากที่สุด,Apple,รีวิวสินค้า,5,ไม่สามารถสัมผัสหรือลองสินค้าได้จริง,"น้อยกว่า 15,000 บาท",นักเรียน / นักศึกษา
ชาย,18-25 ปี,โสด,"ดูหนัง / ฟังเพลง, ถ่ายรูป ถ่ายวีดีโอ, ติดต่อสื่อสาร / ประชุมงาน","Instagram, Facebook, YouTube, Facebook Messenger, Telegram",1 - 3 ชั่วโมง,จำเป็น,Realme 7 5G,ฟีเจอร์สินค้า,3,ความกังวลเกี่ยวกับความปลอดภัยของการชำระเงิน,"น้อยกว่า 15,000 บาท",นักเรียน / นักศึกษา
ชาย,18-25 ปี,โสด,"ดูหนัง / ฟังเพลง, เล่นเกม, ถ่ายรูป ถ่ายวีดีโอ","Instagram, Facebook, YouTube, Facebook Messenger, Spotify, TikTok",1 - 3 ชั่วโมง,จำเป็น,XIAOMI,รีวิวสินค้า,4,ความไม่แน่นอนเกี่ยวกับการรับประกันและการบริการหลังการขาย,"น้อยกว่า 15,000 บาท",นักเรียน / นักศึกษา
ชาย,18-25 ปี,โสด,ดูหนัง / ฟังเพลง,"Instagram, Facebook, YouTube, Snapchat, Facebook Messenger, Spotify, WhatsApp, TikTok",3 - 5 ชั่วโมง,จำเป็นมากที่สุด,Apple,ราคา,3,ความกังวลเกี่ยวกับความปลอดภัยของการชำระเงิน,"น้อยกว่า 15,000 บาท",นักเรียน / นักศึกษา
ชาย,18-25 ปี,โสด,"ดูหนัง / ฟังเพลง, เล่นเกม, โซเชียลมีเดีย","Instagram, Facebook, YouTube, Facebook Messenger",มากกว่า 5 ชั่วโมง,จำเป็นมากที่สุด,Samsung,ราคา,3,ความกังวลเกี่ยวกับความปลอดภัยของการชำระเงิน,"น้อยกว่า 15,000 บาท",นักเรียน / นักศึกษา
ชาย,18-25 ปี,โสด,ดูหนัง / ฟังเพลง,"YouTube, Facebook Messenger, Discord, Wise",มากกว่า 5 ชั่วโมง,จำเป็น,Apple,ฟีเจอร์สินค้า,4,ไม่สามารถสัมผัสหรือลองสินค้าได้จริง,"มากกว่า 50,001 บาทขึ้นไป",เจ้าของธุรกิจ/ธุรกิจส่วนตัว
หญิง,18-25 ปี,โสด,"ดูหนัง / ฟังเพลง, เล่นเกม, ติดต่อสื่อสาร / ประชุมงาน","Instagram, Facebook, YouTube, Spotify, TikTok",มากกว่า 5 ชั่วโมง,จำเป็นมากที่สุด,Apple,ราคา,4,ไม่สามารถสัมผัสหรือลองสินค้าได้จริง,"น้อยกว่า 15,000 บาท",นักเรียน / นักศึกษา
ชาย,18-25 ปี,โสด,"ดูหนัง / ฟังเพลง, ถ่ายรูป ถ่ายวีดีโอ, ติดต่อสื่อสาร / ประชุมงาน","Instagram, Facebook, YouTube, Facebook Messenger, Spotify",มากกว่า 5 ชั่วโมง,จำเป็นมากที่สุด,Oppo,ราคา,4,ความไม่แน่นอนเกี่ยวกับการรับประกันและการบริการหลังการขาย,"น้อยกว่า 15,000 บาท",นักเรียน / นักศึกษา
หญิง,18-25 ปี,โสด,"ดูหนัง / ฟังเพลง, ติดต่อสื่อสาร / ประชุมงาน, โซเชียลมีเดีย","Instagram, Facebook, YouTube, Facebook Messenger, TikTok",มากกว่า 5 ชั่วโมง,จำเป็นมากที่สุด,Realme,ฟีเจอร์สินค้า,5,ความกังวลเกี่ยวกับความปลอดภัยของการชำระเงิน,"น้อยกว่า 15,000 บาท",นักเรียน / นักศึกษา
ชาย,18-25 ปี,โสด,"ดูหนัง / ฟังเพลง, เล่นเกม, โซเชียลมีเดีย","Facebook, YouTube, Facebook Messenger",1 - 3 ชั่วโมง,จำเป็น,Oppo,ราคา,4,ไม่สามารถสัมผัสหรือลองสินค้าได้จริง,"น้อยกว่า 15,000 บาท",นักเรียน / นักศึกษา
ชาย,18-25 ปี,สมรส,"ดูหนัง / ฟังเพลง, โซเชียลมีเดีย","Instagram, Facebook, YouTube, Facebook Messenger, TikTok",1 - 3 ชั่วโมง,จำเป็นมากที่สุด,Samsung,รีวิวสินค้า,4,ความกังวลเกี่ยวกับความปลอดภัยของการชำระเงิน,"น้อยกว่า 15,000 บาท",พนักงานโรงงานอุตสาหกรรม
หญิง,26-32 ปี,โสด,"ดูหนัง / ฟังเพลง, เล่นเกม, ติดต่อสื่อสาร / ประชุมงาน","Facebook, Facebook Messenger, Spotify",มากกว่า 5 ชั่วโมง,จำเป็นมากที่สุด,Apple,ฟีเจอร์สินค้า,3,ไม่สามารถสัมผัสหรือลองสินค้าได้จริง,"น้อยกว่า 15,000 บาท",พนักงานบริษัทเอกชน
ชาย,18-25 ปี,โสด,"ดูหนัง / ฟังเพลง, ถ่ายรูป ถ่ายวีดีโอ, โซเชียลมีเดีย","Instagram, Facebook, YouTube, Facebook Messenger",3 - 5 ชั่วโมง,จำเป็น,Samsung,ฟีเจอร์สินค้า,4,ความไม่แน่นอนเกี่ยวกับการรับประกันและการบริการหลังการขาย,"น้อยกว่า 15,000 บาท",นักเรียน / นักศึกษา
หญิง,18-25 ปี,โสด,"ถ่ายรูป ถ่ายวีดีโอ, ติดต่อสื่อสาร / ประชุมงาน, โซเชียลมีเดีย","Instagram, Facebook, YouTube",3 - 5 ชั่วโมง,จำเป็น,Apple,ฟีเจอร์สินค้า,5,ความไม่แน่นอนเกี่ยวกับการรับประกันและการบริการหลังการขาย,"น้อยกว่า 15,000 บาท",นักเรียน / นักศึกษา
หญิง,18-25 ปี,โสด,ดูหนัง / ฟังเพลง,"Instagram, Facebook, Facebook Messenger, TikTok",1 - 3 ชั่วโมง,จำเป็นมากที่สุด,Oppo,รีวิวสินค้า,3,ความไม่แน่นอนเกี่ยวกับการรับประกันและการบริการหลังการขาย,"น้อยกว่า 15,000 บาท",นักเรียน / นักศึกษา
หญิง,33-40 ปี,สมรส,"ถ่ายรูป ถ่ายวีดีโอ, ติดต่อสื่อสาร / ประชุมงาน, โซเชียลมีเดีย","Facebook, Facebook Messenger",1 - 3 ชั่วโมง,จำเป็นมากที่สุด,Samsung,ราคา,5,ไม่สามารถสัมผัสหรือลองสินค้าได้จริง,"15,001 - 20,000 บาท",พนักงานข้าราชการ
หญิง,33-40 ปี,สมรส,"ถ่ายรูป ถ่ายวีดีโอ, ติดต่อสื่อสาร / ประชุมงาน, โซเชียลมีเดีย","Facebook, Facebook Messenger",1 - 3 ชั่วโมง,จำเป็นมากที่สุด,Samsung,ราคา,5,ไม่สามารถสัมผัสหรือลองสินค้าได้จริง,"15,001 - 20,000 บาท",พนักงานข้าราชการ
หญิง,33-40 ปี,สมรส,"ถ่ายรูป ถ่ายวีดีโอ, ติดต่อสื่อสาร / ประชุมงาน, โซเชียลมีเดีย","Facebook, Facebook Messenger",1 - 3 ชั่วโมง,จำเป็นมากที่สุด,Samsung,ราคา,5,ไม่สามารถสัมผัสหรือลองสินค้าได้จริง,"15,001 - 20,000 บาท",พนักงานข้าราชการ
หญิง,33-40 ปี,สมรส,"ถ่ายรูป ถ่ายวีดีโอ, ติดต่อสื่อสาร / ประชุมงาน, โซเชียลมีเดีย","Facebook, Facebook Messenger",1 - 3 ชั่วโมง,จำเป็นมากที่สุด,Samsung,ราคา,5,ไม่สามารถสัมผัสหรือลองสินค้าได้จริง,"15,001 - 20,000 บาท",พนักงานข้าราชการ
หญิง,33-40 ปี,สมรส,"ถ่ายรูป ถ่ายวีดีโอ, ติดต่อสื่อสาร / ประชุมงาน, โซเชียลมีเดีย","Facebook, Facebook Messenger",1 - 3 ชั่วโมง,จำเป็นมากที่สุด,Samsung,ราคา,5,ไม่สามารถสัมผัสหรือลองสินค้าได้จริง,"15,001 - 20,000 บาท",พนักงานข้าราชการ
หญิง,33-40 ปี,สมรส,"ถ่ายรูป ถ่ายวีดีโอ, ติดต่อสื่อสาร / ประชุมงาน, โซเชียลมีเดีย","Facebook, Facebook Messenger",1 - 3 ชั่วโมง,จำเป็นมากที่สุด,Samsung,ราคา,5,ไม่สามารถสัมผัสหรือลองสินค้าได้จริง,"15,001 - 20,000 บาท",พนักงานข้าราชการ
หญิง,33-40 ปี,สมรส,"ถ่ายรูป ถ่ายวีดีโอ, ติดต่อสื่อสาร / ประชุมงาน, โซเชียลมีเดีย","Facebook, Facebook Messenger",1 - 3 ชั่วโมง,จำเป็นมากที่สุด,Samsung,ราคา,5,ไม่สามารถสัมผัสหรือลองสินค้าได้จริง,"15,001 - 20,000 บาท",พนักงานข้าราชการ
หญิง,33-40 ปี,สมรส,"ถ่ายรูป ถ่ายวีดีโอ, ติดต่อสื่อสาร / ประชุมงาน, โซเชียลมีเดีย","Facebook, Facebook Messenger",1 - 3 ชั่วโมง,จำเป็นมากที่สุด,Samsung,ราคา,5,ไม่สามารถสัมผัสหรือลองสินค้าได้จริง,"15,001 - 20,000 บาท",พนักงานข้าราชการ
หญิง,33-40 ปี,สมรส,"ถ่ายรูป ถ่ายวีดีโอ, ติดต่อสื่อสาร / ประชุมงาน, โซเชียลมีเดีย","Facebook, Facebook Messenger",1 - 3 ชั่วโมง,จำเป็นมากที่สุด,Samsung,ราคา,5,ไม่สามารถสัมผัสหรือลองสินค้าได้จริง,"15,001 - 20,000 บาท",พนักงานข้าราชการ
หญิง,33-40 ปี,สมรส,"ถ่ายรูป ถ่ายวีดีโอ, ติดต่อสื่อสาร / ประชุมงาน, โซเชียลมีเดีย","Facebook, Facebook Messenger",1 - 3 ชั่วโมง,จำเป็นมากที่สุด,Samsung,ราคา,5,ไม่สามารถสัมผัสหรือลองสินค้าได้จริง,"15,001 - 20,000 บาท",พนักงานข้าราชการ
หญิง,33-40 ปี,สมรส,"ถ่ายรูป ถ่ายวีดีโอ, ติดต่อสื่อสาร / ประชุมงาน, โซเชียลมีเดีย","Facebook, Facebook Messenger",1 - 3 ชั่วโมง,จำเป็นมากที่สุด,Samsung,ราคา,5,ไม่สามารถสัมผัสหรือลองสินค้าได้จริง,"15,001 - 20,000 บาท",พนักงานข้าราชการ
หญิง,33-40 ปี,สมรส,"ถ่ายรูป ถ่ายวีดีโอ, ติดต่อสื่อสาร / ประชุมงาน, โซเชียลมีเดีย","Facebook, Facebook Messenger",1 - 3 ชั่วโมง,จำเป็นมากที่สุด,Samsung,ราคา,5,ไม่สามารถสัมผัสหรือลองสินค้าได้จริง,"15,001 - 20,000 บาท",พนักงานข้าราชการ
หญิง,33-40 ปี,สมรส,"ถ่ายรูป ถ่ายวีดีโอ, ติดต่อสื่อสาร / ประชุมงาน, โซเชียลมีเดีย","Facebook, Facebook Messenger",1 - 3 ชั่วโมง,จำเป็นมากที่สุด,Samsung,ราคา,5,ไม่สามารถสัมผัสหรือลองสินค้าได้จริง,"15,001 - 20,000 บาท",พนักงานข้าราชการ
หญิง,33-40 ปี,สมรส,"ถ่ายรูป ถ่ายวีดีโอ, ติดต่อสื่อสาร / ประชุมงาน, โซเชียลมีเดีย","Facebook, Facebook Messenger",1 - 3 ชั่วโมง,จำเป็นมากที่สุด,Samsung,ราคา,5,ไม่สามารถสัมผัสหรือลองสินค้าได้จริง,"15,001 - 20,000 บาท",พนักงานข้าราชการ
หญิง,33-40 ปี,สมรส,"ถ่ายรูป ถ่ายวีดีโอ, ติดต่อสื่อสาร / ประชุมงาน, โซเชียลมีเดีย","Facebook, Facebook Messenger",1 - 3 ชั่วโมง,จำเป็นมากที่สุด,Samsung,ราคา,5,ไม่สามารถสัมผัสหรือลองสินค้าได้จริง,"15,001 - 20,000 บาท",พนักงานข้าราชการ
หญิง,33-40 ปี,สมรส,"ถ่ายรูป ถ่ายวีดีโอ, ติดต่อสื่อสาร / ประชุมงาน, โซเชียลมีเดีย","Facebook, Facebook Messenger",1 - 3 ชั่วโมง,จำเป็นมากที่สุด,Samsung,ราคา,5,ไม่สามารถสัมผัสหรือลองสินค้าได้จริง,"15,001 - 20,000 บาท",พนักงานข้าราชการ
หญิง,33-40 ปี,สมรส,"ถ่ายรูป ถ่ายวีดีโอ, ติดต่อสื่อสาร / ประชุมงาน, โซเชียลมีเดีย","Facebook, Facebook Messenger",1 - 3 ชั่วโมง,จำเป็นมากที่สุด,Samsung,ราคา,5,ไม่สามารถสัมผัสหรือลองสินค้าได้จริง,"15,001 - 20,000 บาท",พนักงานข้าราชการ
หญิง,33-40 ปี,สมรส,"ถ่ายรูป ถ่ายวีดีโอ, ติดต่อสื่อสาร / ประชุมงาน, โซเชียลมีเดีย","Facebook, Facebook Messenger",1 - 3 ชั่วโมง,จำเป็นมากที่สุด,Samsung,ราคา,5,ไม่สามารถสัมผัสหรือลองสินค้าได้จริง,"15,001 - 20,000 บาท",พนักงานข้าราชการ
หญิง,33-40 ปี,สมรส,"ถ่ายรูป ถ่ายวีดีโอ, ติดต่อสื่อสาร / ประชุมงาน, โซเชียลมีเดีย","Facebook, Facebook Messenger",1 - 3 ชั่วโมง,จำเป็นมากที่สุด,Samsung,ราคา,5,ไม่สามารถสัมผัสหรือลองสินค้าได้จริง,"15,001 - 20,000 บาท",พนักงานข้าราชการ
หญิง,33-40 ปี,สมรส,"ถ่ายรูป ถ่ายวีดีโอ, ติดต่อสื่อสาร / ประชุมงาน, โซเชียลมีเดีย","Facebook, Facebook Messenger",1 - 3 ชั่วโมง,จำเป็นมากที่สุด,Samsung,ราคา,5,ไม่สามารถสัมผัสหรือลองสินค้าได้จริง,"15,001 - 20,000 บาท",พนักงานข้าราชการ
หญิง,33-40 ปี,สมรส,"ถ่ายรูป ถ่ายวีดีโอ, ติดต่อสื่อสาร / ประชุมงาน, โซเชียลมีเดีย","Facebook, Facebook Messenger",1 - 3 ชั่วโมง,จำเป็นมากที่สุด,Samsung,ราคา,5,ไม่สามารถสัมผัสหรือลองสินค้าได้จริง,"15,001 - 20,000 บาท",พนักงานข้าราชการ
หญิง,33-40 ปี,สมรส,"ถ่ายรูป ถ่ายวีดีโอ, ติดต่อสื่อสาร / ประชุมงาน, โซเชียลมีเดีย","Facebook, Facebook Messenger",1 - 3 ชั่วโมง,จำเป็นมากที่สุด,Samsung,ราคา,5,ไม่สามารถสัมผัสหรือลองสินค้าได้จริง,"15,001 - 20,000 บาท",พนักงานข้าราชการ
หญิง,33-40 ปี,สมรส,"ถ่ายรูป ถ่ายวีดีโอ, ติดต่อสื่อสาร / ประชุมงาน, โซเชียลมีเดีย","Facebook, Facebook Messenger",1 - 3 ชั่วโมง,จำเป็นมากที่สุด,Samsung,ราคา,5,ไม่สามารถสัมผัสหรือลองสินค้าได้จริง,"15,001 - 20,000 บาท",พนักงานข้าราชการ
หญิง,33-40 ปี,สมรส,"ถ่ายรูป ถ่ายวีดีโอ, ติดต่อสื่อสาร / ประชุมงาน, โซเชียลมีเดีย","Facebook, Facebook Messenger",1 - 3 ชั่วโมง,จำเป็นมากที่สุด,Samsung,ราคา,5,ไม่สามารถสัมผัสหรือลองสินค้าได้จริง,"15,001 - 20,000 บาท",พนักงานข้าราชการ
หญิง,33-40 ปี,สมรส,"ถ่ายรูป ถ่ายวีดีโอ, ติดต่อสื่อสาร / ประชุมงาน, โซเชียลมีเดีย","Facebook, Facebook Messenger",1 - 3 ชั่วโมง,จำเป็นมากที่สุด,Samsung,ราคา,5,ไม่สามารถสัมผัสหรือลองสินค้าได้จริง,"15,001 - 20,000 บาท",พนักงานข้าราชการ
หญิง,33-40 ปี,สมรส,"ถ่ายรูป ถ่ายวีดีโอ, ติดต่อสื่อสาร / ประชุมงาน, โซเชียลมีเดีย","Facebook, Facebook Messenger",1 - 3 ชั่วโมง,จำเป็นมากที่สุด,Samsung,ราคา,5,ไม่สามารถสัมผัสหรือลองสินค้าได้จริง,"15,001 - 20,000 บาท",พนักงานข้าราชการ
หญิง,33-40 ปี,สมรส,"ถ่ายรูป ถ่ายวีดีโอ, ติดต่อสื่อสาร / ประชุมงาน, โซเชียลมีเดีย","Facebook, Facebook Messenger",1 - 3 ชั่วโมง,จำเป็นมากที่สุด,Samsung,ราคา,5,ไม่สามารถสัมผัสหรือลองสินค้าได้จริง,"15,001 - 20,000 บาท",พนักงานข้าราชการ
หญิง,33-40 ปี,สมรส,"ถ่ายรูป ถ่ายวีดีโอ, ติดต่อสื่อสาร / ประชุมงาน, โซเชียลมีเดีย","Facebook, Facebook Messenger",1 - 3 ชั่วโมง,จำเป็นมากที่สุด,Samsung,ราคา,5,ไม่สามารถสัมผัสหรือลองสินค้าได้จริง,"15,001 - 20,000 บาท",พนักงานข้าราชการ
หญิง,33-40 ปี,สมรส,"ถ่ายรูป ถ่ายวีดีโอ, ติดต่อสื่อสาร / ประชุมงาน, โซเชียลมีเดีย","Facebook, Facebook Messenger",1 - 3 ชั่วโมง,จำเป็นมากที่สุด,Samsung,ราคา,5,ไม่สามารถสัมผัสหรือลองสินค้าได้จริง,"15,001 - 20,000 บาท",พนักงานข้าราชการ
หญิง,33-40 ปี,สมรส,"ถ่ายรูป ถ่ายวีดีโอ, ติดต่อสื่อสาร / ประชุมงาน, โซเชียลมีเดีย","Facebook, Facebook Messenger",1 - 3 ชั่วโมง,จำเป็นมากที่สุด,Samsung,ราคา,5,ไม่สามารถสัมผัสหรือลองสินค้าได้จริง,"15,001 - 20,000 บาท",พนักงานข้าราชการ
หญิง,33-40 ปี,สมรส,"ถ่ายรูป ถ่ายวีดีโอ, ติดต่อสื่อสาร / ประชุมงาน, โซเชียลมีเดีย","Facebook, Facebook Messenger",1 - 3 ชั่วโมง,จำเป็นมากที่สุด,Samsung,ราคา,5,ไม่สามารถสัมผัสหรือลองสินค้าได้จริง,"15,001 - 20,000 บาท",พนักงานข้าราชการ
หญิง,33-40 ปี,สมรส,"ถ่ายรูป ถ่ายวีดีโอ, ติดต่อสื่อสาร / ประชุมงาน, โซเชียลมีเดีย","Facebook, Facebook Messenger",1 - 3 ชั่วโมง,จำเป็นมากที่สุด,Samsung,ราคา,5,ไม่สามารถสัมผัสหรือลองสินค้าได้จริง,"15,001 - 20,000 บาท",พนักงานข้าราชการ
หญิง,33-40 ปี,สมรส,"ถ่ายรูป ถ่ายวีดีโอ, ติดต่อสื่อสาร / ประชุมงาน, โซเชียลมีเดีย","Facebook, Facebook Messenger",1 - 3 ชั่วโมง,จำเป็นมากที่สุด,Samsung,ราคา,5,ไม่สามารถสัมผัสหรือลองสินค้าได้จริง,"15,001 - 20,000 บาท",พนักงานข้าราชการ
หญิง,33-40 ปี,สมรส,"ถ่ายรูป ถ่ายวีดีโอ, ติดต่อสื่อสาร / ประชุมงาน, โซเชียลมีเดีย","Facebook, Facebook Messenger",1 - 3 ชั่วโมง,จำเป็นมากที่สุด,Samsung,ราคา,5,ไม่สามารถสัมผัสหรือลองสินค้าได้จริง,"15,001 - 20,000 บาท",พนักงานข้าราชการ
หญิง,33-40 ปี,สมรส,"ถ่ายรูป ถ่ายวีดีโอ, ติดต่อสื่อสาร / ประชุมงาน, โซเชียลมีเดีย","Facebook, Facebook Messenger",1 - 3 ชั่วโมง,จำเป็นมากที่สุด,Samsung,ราคา,5,ไม่สามารถสัมผัสหรือลองสินค้าได้จริง,"15,001 - 20,000 บาท",พนักงานข้าราชการ
หญิง,33-40 ปี,สมรส,"ถ่ายรูป ถ่ายวีดีโอ, ติดต่อสื่อสาร / ประชุมงาน, โซเชียลมีเดีย","Facebook, Facebook Messenger",1 - 3 ชั่วโมง,จำเป็นมากที่สุด,Samsung,ราคา,5,ไม่สามารถสัมผัสหรือลองสินค้าได้จริง,"15,001 - 20,000 บาท",พนักงานข้าราชการ
หญิง,33-40 ปี,สมรส,"ถ่ายรูป ถ่ายวีดีโอ, ติดต่อสื่อสาร / ประชุมงาน, โซเชียลมีเดีย","Facebook, Facebook Messenger",1 - 3 ชั่วโมง,จำเป็นมากที่สุด,Samsung,ราคา,5,ไม่สามารถสัมผัสหรือลองสินค้าได้จริง,"15,001 - 20,000 บาท",พนักงานข้าราชการ
หญิง,33-40 ปี,สมรส,"ถ่ายรูป ถ่ายวีดีโอ, ติดต่อสื่อสาร / ประชุมงาน, โซเชียลมีเดีย","Facebook, Facebook Messenger",1 - 3 ชั่วโมง,จำเป็นมากที่สุด,Samsung,ราคา,5,ไม่สามารถสัมผัสหรือลองสินค้าได้จริง,"15,001 - 20,000 บาท",พนักงานข้าราชการ
หญิง,33-40 ปี,สมรส,"ถ่ายรูป ถ่ายวีดีโอ, ติดต่อสื่อสาร / ประชุมงาน, โซเชียลมีเดีย","Facebook, Facebook Messenger",1 - 3 ชั่วโมง,จำเป็นมากที่สุด,Samsung,ราคา,5,ไม่สามารถสัมผัสหรือลองสินค้าได้จริง,"15,001 - 20,000 บาท",พนักงานข้าราชการ
หญิง,33-40 ปี,สมรส,"ถ่ายรูป ถ่ายวีดีโอ, ติดต่อสื่อสาร / ประชุมงาน, โซเชียลมีเดีย","Facebook, Facebook Messenger",1 - 3 ชั่วโมง,จำเป็นมากที่สุด,Samsung,ราคา,5,ไม่สามารถสัมผัสหรือลองสินค้าได้จริง,"15,001 - 20,000 บาท",พนักงานข้าราชการ
หญิง,33-40 ปี,สมรส,"ถ่ายรูป ถ่ายวีดีโอ, ติดต่อสื่อสาร / ประชุมงาน, โซเชียลมีเดีย","Facebook, Facebook Messenger",1 - 3 ชั่วโมง,จำเป็นมากที่สุด,Samsung,ราคา,5,ไม่สามารถสัมผัสหรือลองสินค้าได้จริง,"15,001 - 20,000 บาท",พนักงานข้าราชการ
หญิง,33-40 ปี,สมรส,"ถ่ายรูป ถ่ายวีดีโอ, ติดต่อสื่อสาร / ประชุมงาน, โซเชียลมีเดีย","Facebook, Facebook Messenger",1 - 3 ชั่วโมง,จำเป็นมากที่สุด,Samsung,ราคา,5,ไม่สามารถสัมผัสหรือลองสินค้าได้จริง,"15,001 - 20,000 บาท",พนักงานข้าราชการ
หญิง,26-32 ปี,โสด,"ดูหนัง / ฟังเพลง, เล่นเกม, ถ่ายรูป ถ่ายวีดีโอ","Instagram, Facebook, YouTube, TikTok",3 - 5 ชั่วโมง,จำเป็นมากที่สุด,Oppo,ราคา,5,ความกังวลเกี่ยวกับความปลอดภัยของการชำระเงิน,"น้อยกว่า 15,000 บาท",พนักงานโรงงานอุตสาหกรรม
หญิง,26-32 ปี,โสด,"ดูหนัง / ฟังเพลง, เล่นเกม, ถ่ายรูป ถ่ายวีดีโอ","Instagram, Facebook, YouTube, TikTok",3 - 5 ชั่วโมง,จำเป็นมากที่สุด,Oppo,ราคา,5,ความกังวลเกี่ยวกับความปลอดภัยของการชำระเงิน,"น้อยกว่า 15,000 บาท",พนักงานโรงงานอุตสาหกรรม
หญิง,26-32 ปี,โสด,"ดูหนัง / ฟังเพลง, เล่นเกม, ถ่ายรูป ถ่ายวีดีโอ","Instagram, Facebook, YouTube, TikTok",3 - 5 ชั่วโมง,จำเป็นมากที่สุด,Oppo,ราคา,5,ความกังวลเกี่ยวกับความปลอดภัยของการชำระเงิน,"น้อยกว่า 15,000 บาท",พนักงานโรงงานอุตสาหกรรม
หญิง,26-32 ปี,โสด,"ดูหนัง / ฟังเพลง, เล่นเกม, ถ่ายรูป ถ่ายวีดีโอ","Instagram, Facebook, YouTube, TikTok",3 - 5 ชั่วโมง,จำเป็นมากที่สุด,Oppo,ราคา,5,ความกังวลเกี่ยวกับความปลอดภัยของการชำระเงิน,"น้อยกว่า 15,000 บาท",พนักงานโรงงานอุตสาหกรรม
หญิง,26-32 ปี,โสด,"ดูหนัง / ฟังเพลง, เล่นเกม, ถ่ายรูป ถ่ายวีดีโอ","Instagram, Facebook, YouTube, TikTok",3 - 5 ชั่วโมง,จำเป็นมากที่สุด,Oppo,ราคา,5,ความกังวลเกี่ยวกับความปลอดภัยของการชำระเงิน,"น้อยกว่า 15,000 บาท",พนักงานโรงงานอุตสาหกรรม
หญิง,26-32 ปี,โสด,"ดูหนัง / ฟังเพลง, เล่นเกม, ถ่ายรูป ถ่ายวีดีโอ","Instagram, Facebook, YouTube, TikTok",3 - 5 ชั่วโมง,จำเป็นมากที่สุด,Oppo,ราคา,5,ความกังวลเกี่ยวกับความปลอดภัยของการชำระเงิน,"น้อยกว่า 15,000 บาท",พนักงานโรงงานอุตสาหกรรม
หญิง,26-32 ปี,โสด,"ดูหนัง / ฟังเพลง, เล่นเกม, ถ่ายรูป ถ่ายวีดีโอ","Instagram, Facebook, YouTube, TikTok",3 - 5 ชั่วโมง,จำเป็นมากที่สุด,Oppo,ราคา,5,ความกังวลเกี่ยวกับความปลอดภัยของการชำระเงิน,"น้อยกว่า 15,000 บาท",พนักงานโรงงานอุตสาหกรรม
หญิง,26-32 ปี,โสด,"ดูหนัง / ฟังเพลง, เล่นเกม, ถ่ายรูป ถ่ายวีดีโอ","Instagram, Facebook, YouTube, TikTok",3 - 5 ชั่วโมง,จำเป็นมากที่สุด,Oppo,ราคา,5,ความกังวลเกี่ยวกับความปลอดภัยของการชำระเงิน,"น้อยกว่า 15,000 บาท",พนักงานโรงงานอุตสาหกรรม
หญิง,26-32 ปี,โสด,"ดูหนัง / ฟังเพลง, เล่นเกม, ถ่ายรูป ถ่ายวีดีโอ","Instagram, Facebook, YouTube, TikTok",3 - 5 ชั่วโมง,จำเป็นมากที่สุด,Oppo,ราคา,5,ความกังวลเกี่ยวกับความปลอดภัยของการชำระเงิน,"น้อยกว่า 15,000 บาท",พนักงานโรงงานอุตสาหกรรม
หญิง,26-32 ปี,โสด,"ดูหนัง / ฟังเพลง, เล่นเกม, ถ่ายรูป ถ่ายวีดีโอ","Instagram, Facebook, YouTube, TikTok",3 - 5 ชั่วโมง,จำเป็นมากที่สุด,Oppo,ราคา,5,ความกังวลเกี่ยวกับความปลอดภัยของการชำระเงิน,"น้อยกว่า 15,000 บาท",พนักงานโรงงานอุตสาหกรรม
หญิง,26-32 ปี,โสด,"ดูหนัง / ฟังเพลง, เล่นเกม, ถ่ายรูป ถ่ายวีดีโอ","Instagram, Facebook, YouTube, TikTok",3 - 5 ชั่วโมง,จำเป็นมากที่สุด,Oppo,ราคา,5,ความกังวลเกี่ยวกับความปลอดภัยของการชำระเงิน,"น้อยกว่า 15,000 บาท",พนักงานโรงงานอุตสาหกรรม
หญิง,26-32 ปี,โสด,"ดูหนัง / ฟังเพลง, เล่นเกม, ถ่ายรูป ถ่ายวีดีโอ","Instagram, Facebook, YouTube, TikTok",3 - 5 ชั่วโมง,จำเป็นมากที่สุด,Oppo,ราคา,5,ความกังวลเกี่ยวกับความปลอดภัยของการชำระเงิน,"น้อยกว่า 15,000 บาท",พนักงานโรงงานอุตสาหกรรม
หญิง,26-32 ปี,โสด,"ดูหนัง / ฟังเพลง, เล่นเกม, ถ่ายรูป ถ่ายวีดีโอ","Instagram, Facebook, YouTube, TikTok",3 - 5 ชั่วโมง,จำเป็นมากที่สุด,Oppo,ราคา,5,ความกังวลเกี่ยวกับความปลอดภัยของการชำระเงิน,"น้อยกว่า 15,000 บาท",พนักงานโรงงานอุตสาหกรรม
หญิง,26-32 ปี,โสด,"ดูหนัง / ฟังเพลง, เล่นเกม, ถ่ายรูป ถ่ายวีดีโอ","Instagram, Facebook, YouTube, TikTok",3 - 5 ชั่วโมง,จำเป็นมากที่สุด,Oppo,ราคา,5,ความกังวลเกี่ยวกับความปลอดภัยของการชำระเงิน,"น้อยกว่า 15,000 บาท",พนักงานโรงงานอุตสาหกรรม
หญิง,26-32 ปี,โสด,"ดูหนัง / ฟังเพลง, เล่นเกม, ถ่ายรูป ถ่ายวีดีโอ","Instagram, Facebook, YouTube, TikTok",3 - 5 ชั่วโมง,จำเป็นมากที่สุด,Oppo,ราคา,5,ความกังวลเกี่ยวกับความปลอดภัยของการชำระเงิน,"น้อยกว่า 15,000 บาท",พนักงานโรงงานอุตสาหกรรม
หญิง,26-32 ปี,โสด,"ดูหนัง / ฟังเพลง, เล่นเกม, ถ่ายรูป ถ่ายวีดีโอ","Instagram, Facebook, YouTube, TikTok",3 - 5 ชั่วโมง,จำเป็นมากที่สุด,Oppo,ราคา,5,ความกังวลเกี่ยวกับความปลอดภัยของการชำระเงิน,"น้อยกว่า 15,000 บาท",พนักงานโรงงานอุตสาหกรรม
หญิง,26-32 ปี,โสด,"ดูหนัง / ฟังเพลง, เล่นเกม, ถ่ายรูป ถ่ายวีดีโอ","Instagram, Facebook, YouTube, TikTok",3 - 5 ชั่วโมง,จำเป็นมากที่สุด,Oppo,ราคา,5,ความกังวลเกี่ยวกับความปลอดภัยของการชำระเงิน,"น้อยกว่า 15,000 บาท",พนักงานโรงงานอุตสาหกรรม
หญิง,26-32 ปี,โสด,"ดูหนัง / ฟังเพลง, เล่นเกม, ถ่ายรูป ถ่ายวีดีโอ","Instagram, Facebook, YouTube, TikTok",3 - 5 ชั่วโมง,จำเป็นมากที่สุด,Oppo,ราคา,5,ความกังวลเกี่ยวกับความปลอดภัยของการชำระเงิน,"น้อยกว่า 15,000 บาท",พนักงานโรงงานอุตสาหกรรม
หญิง,26-32 ปี,โสด,"ดูหนัง / ฟังเพลง, เล่นเกม, ถ่ายรูป ถ่ายวีดีโอ","Instagram, Facebook, YouTube, TikTok",3 - 5 ชั่วโมง,จำเป็นมากที่สุด,Oppo,ราคา,5,ความกังวลเกี่ยวกับความปลอดภัยของการชำระเงิน,"น้อยกว่า 15,000 บาท",พนักงานโรงงานอุตสาหกรรม
หญิง,26-32 ปี,โสด,"ดูหนัง / ฟังเพลง, เล่นเกม, ถ่ายรูป ถ่ายวีดีโอ","Instagram, Facebook, YouTube, TikTok",3 - 5 ชั่วโมง,จำเป็นมากที่สุด,Oppo,ราคา,5,ความกังวลเกี่ยวกับความปลอดภัยของการชำระเงิน,"น้อยกว่า 15,000 บาท",พนักงานโรงงานอุตสาหกรรม
หญิง,26-32 ปี,โสด,"ดูหนัง / ฟังเพลง, เล่นเกม, ถ่ายรูป ถ่ายวีดีโอ","Instagram, Facebook, YouTube, TikTok",3 - 5 ชั่วโมง,จำเป็นมากที่สุด,Oppo,ราคา,5,ความกังวลเกี่ยวกับความปลอดภัยของการชำระเงิน,"น้อยกว่า 15,000 บาท",พนักงานโรงงานอุตสาหกรรม
ชาย,18-25 ปี,โสด,"ดูหนัง / ฟังเพลง, เล่นเกม, โซเชียลมีเดีย","Instagram, Facebook, YouTube, Facebook Messenger, Spotify, TikTok",มากกว่า 5 ชั่วโมง,จำเป็นมากที่สุด,infinix,ฟีเจอร์สินค้า,4,ความไม่แน่นอนเกี่ยวกับการรับประกันและการบริการหลังการขาย,"น้อยกว่า 15,000 บาท",นักเรียน / นักศึกษา
ชาย,60 ปีขึ้นไป,แยกกันอยู่,"เล่นเกม, ถ่ายรูป ถ่ายวีดีโอ","Instagram, Facebook, YouTube, Snapchat, Facebook Messenger, Spotify, WhatsApp, TikTok, Telegram",มากกว่า 5 ชั่วโมง,ไม่จำเป็น,Apple,ฟีเจอร์สินค้า,4,ความล่าช้าในการจัดส่งหรือปัญหาในการจัดส่ง,"มากกว่า 50,001 บาทขึ้นไป",นักเรียน / นักศึกษา
หญิง,26-32 ปี,โสด,"ดูหนัง / ฟังเพลง, เล่นเกม, ถ่ายรูป ถ่ายวีดีโอ","Instagram, Facebook, YouTube, TikTok",3 - 5 ชั่วโมง,จำเป็นมากที่สุด,Oppo,ราคา,5,ความกังวลเกี่ยวกับความปลอดภัยของการชำระเงิน,"น้อยกว่า 15,000 บาท",พนักงานโรงงานอุตสาหกรรม
หญิง,26-32 ปี,โสด,"ดูหนัง / ฟังเพลง, เล่นเกม, ถ่ายรูป ถ่ายวีดีโอ","Instagram, Facebook, YouTube, TikTok",3 - 5 ชั่วโมง,จำเป็นมากที่สุด,Oppo,ราคา,5,ความกังวลเกี่ยวกับความปลอดภัยของการชำระเงิน,"น้อยกว่า 15,000 บาท",พนักงานโรงงานอุตสาหกรรม
หญิง,26-32 ปี,โสด,"ดูหนัง / ฟังเพลง, เล่นเกม, ถ่ายรูป ถ่ายวีดีโอ","Instagram, Facebook, YouTube, TikTok",3 - 5 ชั่วโมง,จำเป็นมากที่สุด,Oppo,ราคา,5,ความกังวลเกี่ยวกับความปลอดภัยของการชำระเงิน,"น้อยกว่า 15,000 บาท",พนักงานโรงงานอุตสาหกรรม
หญิง,26-32 ปี,โสด,"ดูหนัง / ฟังเพลง, เล่นเกม, ถ่ายรูป ถ่ายวีดีโอ","Instagram, Facebook, YouTube, TikTok",3 - 5 ชั่วโมง,จำเป็นมากที่สุด,Oppo,ราคา,5,ความกังวลเกี่ยวกับความปลอดภัยของการชำระเงิน,"น้อยกว่า 15,000 บาท",พนักงานโรงงานอุตสาหกรรม
หญิง,26-32 ปี,โสด,"ดูหนัง / ฟังเพลง, เล่นเกม, ถ่ายรูป ถ่ายวีดีโอ","Instagram, Facebook, YouTube, TikTok",3 - 5 ชั่วโมง,จำเป็นมากที่สุด,Oppo,ราคา,5,ความกังวลเกี่ยวกับความปลอดภัยของการชำระเงิน,"น้อยกว่า 15,000 บาท",พนักงานโรงงานอุตสาหกรรม
หญิง,26-32 ปี,โสด,"ดูหนัง / ฟังเพลง, เล่นเกม, ถ่ายรูป ถ่ายวีดีโอ","Instagram, Facebook, YouTube, TikTok",3 - 5 ชั่วโมง,จำเป็นมากที่สุด,Oppo,ราคา,5,ความกังวลเกี่ยวกับความปลอดภัยของการชำระเงิน,"น้อยกว่า 15,000 บาท",พนักงานโรงงานอุตสาหกรรม
หญิง,26-32 ปี,โสด,"ดูหนัง / ฟังเพลง, เล่นเกม, ถ่ายรูป ถ่ายวีดีโอ","Instagram, Facebook, YouTube, TikTok",3 - 5 ชั่วโมง,จำเป็นมากที่สุด,Oppo,ราคา,5,ความกังวลเกี่ยวกับความปลอดภัยของการชำระเงิน,"น้อยกว่า 15,000 บาท",พนักงานโรงงานอุตสาหกรรม
หญิง,26-32 ปี,โสด,"ดูหนัง / ฟังเพลง, เล่นเกม, ถ่ายรูป ถ่ายวีดีโอ","Instagram, Facebook, YouTube, TikTok",3 - 5 ชั่วโมง,จำเป็นมากที่สุด,Oppo,ราคา,5,ความกังวลเกี่ยวกับความปลอดภัยของการชำระเงิน,"น้อยกว่า 15,000 บาท",พนักงานโรงงานอุตสาหกรรม
หญิง,26-32 ปี,โสด,"ดูหนัง / ฟังเพลง, เล่นเกม, ถ่ายรูป ถ่ายวีดีโอ","Instagram, Facebook, YouTube, TikTok",3 - 5 ชั่วโมง,จำเป็นมากที่สุด,Oppo,ราคา,5,ความกังวลเกี่ยวกับความปลอดภัยของการชำระเงิน,"น้อยกว่า 15,000 บาท",พนักงานโรงงานอุตสาหกรรม
หญิง,26-32 ปี,โสด,"ดูหนัง / ฟังเพลง, เล่นเกม, ถ่ายรูป ถ่ายวีดีโอ","Instagram, Facebook, YouTube, TikTok",3 - 5 ชั่วโมง,จำเป็นมากที่สุด,Oppo,ราคา,5,ความกังวลเกี่ยวกับความปลอดภัยของการชำระเงิน,"น้อยกว่า 15,000 บาท",พนักงานโรงงานอุตสาหกรรม
หญิง,26-32 ปี,โสด,"ดูหนัง / ฟังเพลง, เล่นเกม, ถ่ายรูป ถ่ายวีดีโอ","Instagram, Facebook, YouTube, TikTok",3 - 5 ชั่วโมง,จำเป็นมากที่สุด,Oppo,ราคา,5,ความกังวลเกี่ยวกับความปลอดภัยของการชำระเงิน,"น้อยกว่า 15,000 บาท",พนักงานโรงงานอุตสาหกรรม
ชาย,18-25 ปี,นักเรียน / นักศึกษา,"ดูหนัง / ฟังเพลง, เล่นเกม, ถ่ายรูป ถ่ายวีดีโอ",TikTok,0 - 1 ชั่วโมง,จำเป็นมากที่สุด,Apple,ราคา,5,ความกังวลเกี่ยวกับความปลอดภัยของการชำระเงิน,"น้อยกว่า 15,000 บาท",นักเรียน / นักศึกษา
หญิง,18-25 ปี,นักเรียน / นักศึกษา,"ดูหนัง / ฟังเพลง, เล่นเกม, ถ่ายรูป ถ่ายวีดีโอ",Instagram,มากกว่า 5 ชั่วโมง,จำเป็นมากที่สุด,Apple,ฟีเจอร์สินค้า,4,ความกังวลเกี่ยวกับความปลอดภัยของการชำระเงิน,"น้อยกว่า 15,000 บาท",นักเรียน / นักศึกษา
หญิง,18-25 ปี,โสด,"ติดต่อสื่อสาร / ประชุมงาน, โซเชียลมีเดีย",Instagram,1 - 3 ชั่วโมง,จำเป็น,Apple,ฟีเจอร์สินค้า,4,ความไม่แน่นอนเกี่ยวกับการรับประกันและการบริการหลังการขาย,"15,001 - 20,000 บาท",นักเรียน / นักศึกษา
หญิง,18-25 ปี,โสด,"ติดต่อสื่อสาร / ประชุมงาน, โซเชียลมีเดีย",Instagram,1 - 3 ชั่วโมง,จำเป็น,Apple,ฟีเจอร์สินค้า,4,ไม่สามารถสัมผัสหรือลองสินค้าได้จริง,"15,001 - 20,000 บาท",นักเรียน / นักศึกษา
Lgbtq+,18-25 ปี,โสด,"ดูหนัง / ฟังเพลง, ถ่ายรูป ถ่ายวีดีโอ, โซเชียลมีเดีย",Instagram,3 - 5 ชั่วโมง,จำเป็นมากที่สุด,XIAOMI,รีวิวสินค้า,4,ไม่สามารถสัมผัสหรือลองสินค้าได้จริง,"น้อยกว่า 15,000 บาท",นักเรียน / นักศึกษา
หญิง,18-25 ปี,โสด,"ดูหนัง / ฟังเพลง, เล่นเกม, ติดต่อสื่อสาร / ประชุมงาน",TikTok,มากกว่า 5 ชั่วโมง,จำเป็นมากที่สุด,Samsung,ราคา,5,ความไม่แน่นอนเกี่ยวกับการรับประกันและการบริการหลังการขาย,"น้อยกว่า 15,000 บาท",นักเรียน / นักศึกษา
หญิง,18-25 ปี,โสด,"ดูหนัง / ฟังเพลง, ติดต่อสื่อสาร / ประชุมงาน, โซเชียลมีเดีย",Facebook Messenger,มากกว่า 5 ชั่วโมง,จำเป็นมากที่สุด,Samsung,รีวิวสินค้า,5,ไม่สามารถสัมผัสหรือลองสินค้าได้จริง,"น้อยกว่า 15,000 บาท",นักเรียน / นักศึกษา
หญิง,18-25 ปี,โสด,"ดูหนัง / ฟังเพลง, เล่นเกม, Appication บน cloud",Instagram,3 - 5 ชั่วโมง,จำเป็น,Samsung,ฟีเจอร์สินค้า,3,ความกังวลเกี่ยวกับความปลอดภัยของการชำระเงิน,"น้อยกว่า 15,000 บาท",นักเรียน / นักศึกษา
หญิง,18-25 ปี,โสด,"Appication บน cloud, ติดต่อสื่อสาร / ประชุมงาน, โซเชียลมีเดีย",Facebook Messenger,1 - 3 ชั่วโมง,จำเป็น,Apple,รีวิวสินค้า,3,ความกังวลเกี่ยวกับความปลอดภัยของการชำระเงิน,"น้อยกว่า 15,000 บาท",นักเรียน / นักศึกษา
ชาย,18-25 ปี,โสด,ดูหนัง / ฟังเพลง,YouTube,1 - 3 ชั่วโมง,จำเป็น,Apple,ราคา,3,ความไม่แน่นอนเกี่ยวกับการรับประกันและการบริการหลังการขาย,"20,001 - 30,000 บาท",พนักงานบริษัทเอกชน
Lgbtq+,18-25 ปี,โสด,"ดูหนัง / ฟังเพลง, ถ่ายรูป ถ่ายวีดีโอ, โซเชียลมีเดีย",Instagram,3 - 5 ชั่วโมง,จำเป็นมากที่สุด,Apple,ฟีเจอร์สินค้า,5,ความไม่แน่นอนเกี่ยวกับการรับประกันและการบริการหลังการขาย,"20,001 - 30,000 บาท",นักเรียน / นักศึกษา
ชาย,18-25 ปี,โสด,"ดูหนัง / ฟังเพลง, เล่นเกม, โซเชียลมีเดีย",Instagram,มากกว่า 5 ชั่วโมง,จำเป็นมากที่สุด,Apple,ฟีเจอร์สินค้า,4,ไม่สามารถสัมผัสหรือลองสินค้าได้จริง,"น้อยกว่า 15,000 บาท",นักเรียน / นักศึกษา
หญิง,18-25 ปี,โสด,"ดูหนัง / ฟังเพลง, เล่นเกม, โซเชียลมีเดีย",Facebook,3 - 5 ชั่วโมง,จำเป็นมากที่สุด,Samsung,รีวิวสินค้า,4,ความไม่แน่นอนเกี่ยวกับการรับประกันและการบริการหลังการขาย,"น้อยกว่า 15,000 บาท",นักเรียน / นักศึกษา
ชาย,18-25 ปี,โสด,"ดูหนัง / ฟังเพลง, ถ่ายรูป ถ่ายวีดีโอ, ติดต่อสื่อสาร / ประชุมงาน",Instagram,3 - 5 ชั่วโมง,จำเป็นมากที่สุด,Apple,ฟีเจอร์สินค้า,4,ความไม่แน่นอนเกี่ยวกับการรับประกันและการบริการหลังการขาย,"15,001 - 20,000 บาท",นักเรียน / นักศึกษา
หญิง,18-25 ปี,โสด,"ดูหนัง / ฟังเพลง, โซเชียลมีเดีย",Facebook Messenger,มากกว่า 5 ชั่วโมง,จำเป็นมากที่สุด,Apple,ฟีเจอร์สินค้า,4,ไม่สามารถสัมผัสหรือลองสินค้าได้จริง,"น้อยกว่า 15,000 บาท",นักเรียน / นักศึกษา
หญิง,18-25 ปี,โสด,"ดูหนัง / ฟังเพลง, ถ่ายรูป ถ่ายวีดีโอ, โซเชียลมีเดีย",TikTok,มากกว่า 5 ชั่วโมง,จำเป็นมากที่สุด,Apple,ฟีเจอร์สินค้า,4,ความกังวลเกี่ยวกับความปลอดภัยของการชำระเงิน,"น้อยกว่า 15,000 บาท",นักเรียน / นักศึกษา
หญิง,18-25 ปี,โสด,"ดูหนัง / ฟังเพลง, เล่นเกม, โซเชียลมีเดีย",Instagram,3 - 5 ชั่วโมง,จำเป็นมากที่สุด,Apple,ฟีเจอร์สินค้า,5,ไม่สามารถสัมผัสหรือลองสินค้าได้จริง,"15,001 - 20,000 บาท",นักเรียน / นักศึกษา
ชาย,18-25 ปี,โสด,"ดูหนัง / ฟังเพลง, เล่นเกม, ถ่ายรูป ถ่ายวีดีโอ",Facebook,มากกว่า 5 ชั่วโมง,จำเป็นมากที่สุด,realme,ฟีเจอร์สินค้า,5,ความไม่แน่นอนเกี่ยวกับการรับประกันและการบริการหลังการขาย,"น้อยกว่า 15,000 บาท",นักเรียน / นักศึกษา
หญิง,18-25 ปี,โสด,"ดูหนัง / ฟังเพลง, เล่นเกม, ติดต่อสื่อสาร / ประชุมงาน",Instagram,มากกว่า 5 ชั่วโมง,จำเป็น,Apple,ฟีเจอร์สินค้า,3,ไม่สามารถสัมผัสหรือลองสินค้าได้จริง,"น้อยกว่า 15,000 บาท",นักเรียน / นักศึกษา
ชาย,18-25 ปี,โสด,"ดูหนัง / ฟังเพลง, เล่นเกม, โซเชียลมีเดีย",YouTube,3 - 5 ชั่วโมง,จำเป็น,Samsung,ฟีเจอร์สินค้า,1,ไม่สามารถสัมผัสหรือลองสินค้าได้จริง,"น้อยกว่า 15,000 บาท",นักเรียน / นักศึกษา
หญิง,18-25 ปี,โสด,"ดูหนัง / ฟังเพลง, ถ่ายรูป ถ่ายวีดีโอ, ติดต่อสื่อสาร / ประชุมงาน",TikTok,3 - 5 ชั่วโมง,จำเป็นมากที่สุด,Vivo,ฟีเจอร์สินค้า,4,ความไม่แน่นอนเกี่ยวกับการรับประกันและการบริการหลังการขาย,"น้อยกว่า 15,000 บาท",นักเรียน / นักศึกษา
ชาย,18-25 ปี,โสด,"ดูหนัง / ฟังเพลง, เล่นเกม, โซเชียลมีเดีย",YouTube,3 - 5 ชั่วโมง,จำเป็นมากที่สุด,Apple,รีวิวสินค้า,5,ความไม่แน่นอนเกี่ยวกับการรับประกันและการบริการหลังการขาย,"น้อยกว่า 15,000 บาท",นักเรียน / นักศึกษา
ชาย,18-25 ปี,โสด,"ดูหนัง / ฟังเพลง, เล่นเกม, โซเชียลมีเดีย",Facebook,มากกว่า 5 ชั่วโมง,จำเป็นมากที่สุด,Redmi,ราคา,5,ความล่าช้าในการจัดส่งหรือปัญหาในการจัดส่ง,"น้อยกว่า 15,000 บาท",นักเรียน / นักศึกษา
ชาย,18-25 ปี,โสด,เล่นเกม,Instagram,มากกว่า 5 ชั่วโมง,จำเป็น,Apple,ฟีเจอร์สินค้า,5,ความกังวลเกี่ยวกับความปลอดภัยของการชำระเงิน,"มากกว่า 50,001 บาทขึ้นไป",นักเรียน / นักศึกษา
ชาย,18-25 ปี,โสด,"ดูหนัง / ฟังเพลง, ติดต่อสื่อสาร / ประชุมงาน, โซเชียลมีเดีย",YouTube,3 - 5 ชั่วโมง,จำเป็นมากที่สุด,Vivo,ฟีเจอร์สินค้า,4,ความไม่แน่นอนเกี่ยวกับการรับประกันและการบริการหลังการขาย,"น้อยกว่า 15,000 บาท",นักเรียน / นักศึกษา
ชาย,18-25 ปี,โสด,"ดูหนัง / ฟังเพลง, เล่นเกม, โซเชียลมีเดีย",YouTube,มากกว่า 5 ชั่วโมง,จำเป็นมากที่สุด,Oppo,ราคา,3,ความล่าช้าในการจัดส่งหรือปัญหาในการจัดส่ง,"น้อยกว่า 15,000 บาท",นักเรียน / นักศึกษา
ชาย,18-25 ปี,โสด,"ดูหนัง / ฟังเพลง, ถ่ายรูป ถ่ายวีดีโอ, ติดต่อสื่อสาร / ประชุมงาน",Facebook,มากกว่า 5 ชั่วโมง,จำเป็นมากที่สุด,Samsung,รีวิวสินค้า,4,ความไม่แน่นอนเกี่ยวกับการรับประกันและการบริการหลังการขาย,"น้อยกว่า 15,000 บาท",นักเรียน / นักศึกษา
ชาย,18-25 ปี,โสด,"เล่นเกม, ถ่ายรูป ถ่ายวีดีโอ, Appication บน cloud",Telegram,มากกว่า 5 ชั่วโมง,จำเป็น,Oppo,ราคา,4,ความไม่แน่นอนเกี่ยวกับการรับประกันและการบริการหลังการขาย,"น้อยกว่า 15,000 บาท",นักเรียน / นักศึกษา
ชาย,18-25 ปี,โสด,"ดูหนัง / ฟังเพลง, ติดต่อสื่อสาร / ประชุมงาน, โซเชียลมีเดีย",YouTube,3 - 5 ชั่วโมง,จำเป็น,Samsung,ฟีเจอร์สินค้า,4,ไม่สามารถสัมผัสหรือลองสินค้าได้จริง,"15,001 - 20,000 บาท",นักเรียน / นักศึกษา
ชาย,18-25 ปี,โสด,"ดูหนัง / ฟังเพลง, เล่นเกม, ติดต่อสื่อสาร / ประชุมงาน",Facebook,3 - 5 ชั่วโมง,จำเป็น,Oppo,ฟีเจอร์สินค้า,3,ไม่สามารถสัมผัสหรือลองสินค้าได้จริง,"น้อยกว่า 15,000 บาท",นักเรียน / นักศึกษา
ชาย,18-25 ปี,โสด,"ดูหนัง / ฟังเพลง, เล่นเกม, ติดต่อสื่อสาร / ประชุมงาน",YouTube,มากกว่า 5 ชั่วโมง,จำเป็น,Vivo,ราคา,4,ความไม่แน่นอนเกี่ยวกับการรับประกันและการบริการหลังการขาย,"น้อยกว่า 15,000 บาท",นักเรียน / นักศึกษา
ชาย,18-25 ปี,โสด,"ดูหนัง / ฟังเพลง, เล่นเกม, Appication บน cloud",YouTube,มากกว่า 5 ชั่วโมง,จำเป็น,Apple,ฟีเจอร์สินค้า,4,ความไม่แน่นอนเกี่ยวกับการรับประกันและการบริการหลังการขาย,"น้อยกว่า 15,000 บาท",นักเรียน / นักศึกษา
หญิง,18-25 ปี,โสด,"ดูหนัง / ฟังเพลง, ติดต่อสื่อสาร / ประชุมงาน, โซเชียลมีเดีย",Facebook Messenger,3 - 5 ชั่วโมง,จำเป็น,Apple,รีวิวสินค้า,4,ความล่าช้าในการจัดส่งหรือปัญหาในการจัดส่ง,"น้อยกว่า 15,000 บาท",นักเรียน / นักศึกษา
หญิง,18-25 ปี,โสด,"ดูหนัง / ฟังเพลง, โซเชียลมีเดีย",YouTube,มากกว่า 5 ชั่วโมง,จำเป็น,Apple,ฟีเจอร์สินค้า,4,ความไม่แน่นอนเกี่ยวกับการรับประกันและการบริการหลังการขาย,"น้อยกว่า 15,000 บาท",นักเรียน / นักศึกษา
ชาย,26-32 ปี,สมรส,เล่นเกม,YouTube,มากกว่า 5 ชั่วโมง,จำเป็นมากที่สุด,Apple,ราคา,5,ไม่สามารถสัมผัสหรือลองสินค้าได้จริง,"30,001 - 40,000 บาท",เจ้าของธุรกิจ/ธุรกิจส่วนตัว
หญิง,18-25 ปี,โสด,"เล่นเกม, ถ่ายรูป ถ่ายวีดีโอ, โซเชียลมีเดีย",Instagram,มากกว่า 5 ชั่วโมง,จำเป็น,Samsung,รีวิวสินค้า,5,ความล่าช้าในการจัดส่งหรือปัญหาในการจัดส่ง,"น้อยกว่า 15,000 บาท",นักเรียน / นักศึกษา
ชาย,18-25 ปี,โสด,"ดูหนัง / ฟังเพลง, เล่นเกม",Instagram,มากกว่า 5 ชั่วโมง,จำเป็นมากที่สุด,Vivo,ราคา,5,ความล่าช้าในการจัดส่งหรือปัญหาในการจัดส่ง,"น้อยกว่า 15,000 บาท",นักเรียน / นักศึกษา
ชาย,18-25 ปี,โสด,"ดูหนัง / ฟังเพลง, เล่นเกม, โซเชียลมีเดีย",Instagram,3 - 5 ชั่วโมง,จำเป็นมากที่สุด,XIAOMI,รีวิวสินค้า,4,ความกังวลเกี่ยวกับความปลอดภัยของการชำระเงิน,"น้อยกว่า 15,000 บาท",นักเรียน / นักศึกษา
ชาย,18-25 ปี,โสด,ดูหนัง / ฟังเพลง,YouTube,3 - 5 ชั่วโมง,จำเป็นมากที่สุด,XIAOMI,ราคา,3,ความกังวลเกี่ยวกับความปลอดภัยของการชำระเงิน,"น้อยกว่า 15,000 บาท",นักเรียน / นักศึกษา
หญิง,18-25 ปี,โสด,"ดูหนัง / ฟังเพลง, เล่นเกม, ถ่ายรูป ถ่ายวีดีโอ",YouTube,มากกว่า 5 ชั่วโมง,จำเป็นมากที่สุด,XIAOMI,รีวิวสินค้า,3,ไม่สามารถสัมผัสหรือลองสินค้าได้จริง,"น้อยกว่า 15,000 บาท",นักเรียน / นักศึกษา
หญิง,18-25 ปี,โสด,"ดูหนัง / ฟังเพลง, เล่นเกม, โซเชียลมีเดีย",YouTube,มากกว่า 5 ชั่วโมง,จำเป็นมากที่สุด,Apple,ฟีเจอร์สินค้า,4,ความไม่แน่นอนเกี่ยวกับการรับประกันและการบริการหลังการขาย,"น้อยกว่า 15,000 บาท",นักเรียน / นักศึกษา
หญิง,18-25 ปี,โสด,"ดูหนัง / ฟังเพลง, ถ่ายรูป ถ่ายวีดีโอ, โซเชียลมีเดีย",TikTok,3 - 5 ชั่วโมง,จำเป็นมากที่สุด,Apple,รีวิวสินค้า,3,ความไม่แน่นอนเกี่ยวกับการรับประกันและการบริการหลังการขาย,"น้อยกว่า 15,000 บาท",นักเรียน / นักศึกษา
ชาย,18-25 ปี,โสด,"ดูหนัง / ฟังเพลง, เล่นเกม, โซเชียลมีเดีย",TikTok,มากกว่า 5 ชั่วโมง,จำเป็นมากที่สุด,Samsung,ฟีเจอร์สินค้า,5,ความกังวลเกี่ยวกับความปลอดภัยของการชำระเงิน,"น้อยกว่า 15,000 บาท",นักเรียน / นักศึกษา
ชาย,18-25 ปี,โสด,"ดูหนัง / ฟังเพลง, เล่นเกม, โซเชียลมีเดีย",Facebook,3 - 5 ชั่วโมง,จำเป็นมากที่สุด,Apple,ราคา,5,ความไม่แน่นอนเกี่ยวกับการรับประกันและการบริการหลังการขาย,"น้อยกว่า 15,000 บาท",นักเรียน / นักศึกษา
หญิง,18-25 ปี,โสด,"ดูหนัง / ฟังเพลง, ติดต่อสื่อสาร / ประชุมงาน, โซเชียลมีเดีย","Instagram, YouTube, TikTok",มากกว่า 5 ชั่วโมง,จำเป็นมากที่สุด,Apple,ฟีเจอร์สินค้า,5,ไม่สามารถสัมผัสหรือลองสินค้าได้จริง,"น้อยกว่า 15,000 บาท",นักเรียน / นักศึกษา
หญิง,18-25 ปี,โสด,"Appication บน cloud, ติดต่อสื่อสาร / ประชุมงาน, โซเชียลมีเดีย","Instagram, YouTube, Facebook Messenger, TikTok",มากกว่า 5 ชั่วโมง,จำเป็นมากที่สุด,Apple,รีวิวสินค้า,5,ไม่สามารถสัมผัสหรือลองสินค้าได้จริง,"น้อยกว่า 15,000 บาท",นักเรียน / นักศึกษา
หญิง,18-25 ปี,โสด,"ดูหนัง / ฟังเพลง, ถ่ายรูป ถ่ายวีดีโอ, Appication บน cloud","Instagram, TikTok",มากกว่า 5 ชั่วโมง,จำเป็น,Apple,ฟีเจอร์สินค้า,4,ความกังวลเกี่ยวกับความปลอดภัยของการชำระเงิน,"น้อยกว่า 15,000 บาท",นักเรียน / นักศึกษา
หญิง,18-25 ปี,โสด,"ดูหนัง / ฟังเพลง, ถ่ายรูป ถ่ายวีดีโอ, ติดต่อสื่อสาร / ประชุมงาน","Instagram, YouTube, Spotify, Telegram",3 - 5 ชั่วโมง,จำเป็นมากที่สุด,Apple,ฟีเจอร์สินค้า,4,ไม่สามารถสัมผัสหรือลองสินค้าได้จริง,"น้อยกว่า 15,000 บาท",นักเรียน / นักศึกษา
หญิง,18-25 ปี,โสด,"Appication บน cloud, ติดต่อสื่อสาร / ประชุมงาน, โซเชียลมีเดีย","Instagram, Facebook, Facebook Messenger, TikTok",3 - 5 ชั่วโมง,จำเป็นมากที่สุด,Apple,ฟีเจอร์สินค้า,4,ความกังวลเกี่ยวกับความปลอดภัยของการชำระเงิน,"15,001 - 20,000 บาท",พนักงานข้าราชการ
ชาย,18-25 ปี,โสด,"ดูหนัง / ฟังเพลง, เล่นเกม, โซเชียลมีเดีย","Instagram, Facebook, YouTube, Facebook Messenger, TikTok",มากกว่า 5 ชั่วโมง,จำเป็น,Apple,ฟีเจอร์สินค้า,5,ไม่สามารถสัมผัสหรือลองสินค้าได้จริง,"น้อยกว่า 15,000 บาท",นักเรียน / นักศึกษา
ชาย,18-25 ปี,โสด,"ดูหนัง / ฟังเพลง, เล่นเกม","YouTube, TikTok",มากกว่า 5 ชั่วโมง,จำเป็นมากที่สุด,Samsung,ราคา,3,ความล่าช้าในการจัดส่งหรือปัญหาในการจัดส่ง,"น้อยกว่า 15,000 บาท",นักเรียน / นักศึกษา
ชาย,18-25 ปี,โสด,"ดูหนัง / ฟังเพลง, เล่นเกม, โซเชียลมีเดีย","Facebook, YouTube, Facebook Messenger, TikTok",3 - 5 ชั่วโมง,จำเป็นมากที่สุด,Oppo,ราคา,4,ความไม่แน่นอนเกี่ยวกับการรับประกันและการบริการหลังการขาย,"น้อยกว่า 15,000 บาท",นักเรียน / นักศึกษา
หญิง,26-32 ปี,สมรส,"ดูหนัง / ฟังเพลง, ติดต่อสื่อสาร / ประชุมงาน, โซเชียลมีเดีย","Instagram, Facebook, YouTube, Facebook Messenger",3 - 5 ชั่วโมง,จำเป็นมากที่สุด,Apple,ราคา,5,ไม่สามารถสัมผัสหรือลองสินค้าได้จริง,"20,001 - 30,000 บาท",เจ้าของธุรกิจ/ธุรกิจส่วนตัว
ชาย,18-25 ปี,โสด,"ดูหนัง / ฟังเพลง, เล่นเกม, ติดต่อสื่อสาร / ประชุมงาน","Instagram, Facebook, YouTube, Facebook Messenger, TikTok",0 - 1 ชั่วโมง,จำเป็น,XIAOMI,ฟีเจอร์สินค้า,5,ไม่สามารถสัมผัสหรือลองสินค้าได้จริง,"น้อยกว่า 15,000 บาท",นักเรียน / นักศึกษา
ชาย,18-25 ปี,โสด,"ดูหนัง / ฟังเพลง, ถ่ายรูป ถ่ายวีดีโอ, โซเชียลมีเดีย","Instagram, Facebook, YouTube, Facebook Messenger, Spotify, TikTok",1 - 3 ชั่วโมง,จำเป็น,Apple,รีวิวสินค้า,5,ไม่สามารถสัมผัสหรือลองสินค้าได้จริง,"น้อยกว่า 15,000 บาท",นักเรียน / นักศึกษา
ชาย,18-25 ปี,โสด,"ดูหนัง / ฟังเพลง, เล่นเกม, ถ่ายรูป ถ่ายวีดีโอ","Instagram, YouTube, Facebook Messenger, Spotify, TikTok",1 - 3 ชั่วโมง,จำเป็น,Realme,ฟีเจอร์สินค้า,5,ความไม่แน่นอนเกี่ยวกับการรับประกันและการบริการหลังการขาย,"น้อยกว่า 15,000 บาท",นักเรียน / นักศึกษา
ชาย,18-25 ปี,โสด,"ดูหนัง / ฟังเพลง, เล่นเกม","Instagram, Facebook, YouTube, Facebook Messenger, TikTok",มากกว่า 5 ชั่วโมง,จำเป็นมากที่สุด,Apple,ฟีเจอร์สินค้า,5,ไม่สามารถสัมผัสหรือลองสินค้าได้จริง,"น้อยกว่า 15,000 บาท",นักเรียน / นักศึกษา
ชาย,18-25 ปี,โสด,"ดูหนัง / ฟังเพลง, ติดต่อสื่อสาร / ประชุมงาน, โซเชียลมีเดีย","Instagram, Facebook, YouTube, Facebook Messenger, TikTok",1 - 3 ชั่วโมง,จำเป็นมากที่สุด,Apple,ราคา,4,ไม่สามารถสัมผัสหรือลองสินค้าได้จริง,"น้อยกว่า 15,000 บาท",นักเรียน / นักศึกษา
ชาย,18-25 ปี,โสด,"ดูหนัง / ฟังเพลง, เล่นเกม, โซเชียลมีเดีย","Instagram, Facebook, YouTube, Snapchat, Facebook Messenger, Spotify, TikTok",0 - 1 ชั่วโมง,จำเป็น,Apple,ราคา,4,ความไม่แน่นอนเกี่ยวกับการรับประกันและการบริการหลังการขาย,"น้อยกว่า 15,000 บาท",นักเรียน / นักศึกษา
ชาย,18-25 ปี,โสด,"เล่นเกม, ถ่ายรูป ถ่ายวีดีโอ, โซเชียลมีเดีย","Instagram, Facebook, YouTube, Facebook Messenger, TikTok",มากกว่า 5 ชั่วโมง,จำเป็นมากที่สุด,Apple,รีวิวสินค้า,5,ความไม่แน่นอนเกี่ยวกับการรับประกันและการบริการหลังการขาย,"น้อยกว่า 15,000 บาท",นักเรียน / นักศึกษา
ชาย,18-25 ปี,โสด,"ดูหนัง / ฟังเพลง, เล่นเกม","Instagram, Facebook, YouTube, Facebook Messenger, TikTok",มากกว่า 5 ชั่วโมง,จำเป็น,Realme ,รีวิวสินค้า,4,ความกังวลเกี่ยวกับความปลอดภัยของการชำระเงิน,"น้อยกว่า 15,000 บาท",นักเรียน / นักศึกษา
ชาย,18-25 ปี,โสด,"ดูหนัง / ฟังเพลง, เล่นเกม, โซเชียลมีเดีย","Instagram, Facebook, YouTube, Facebook Messenger, Spotify, WhatsApp, TikTok, Telegram",มากกว่า 5 ชั่วโมง,จำเป็นมากที่สุด,Apple,ราคา,4,ความกังวลเกี่ยวกับความปลอดภัยของการชำระเงิน,"น้อยกว่า 15,000 บาท",นักเรียน / นักศึกษา
ชาย,18-25 ปี,โสด,"ดูหนัง / ฟังเพลง, เล่นเกม, โซเชียลมีเดีย","Instagram, Facebook, YouTube, Facebook Messenger, TikTok",มากกว่า 5 ชั่วโมง,จำเป็นมากที่สุด,Realme,ฟีเจอร์สินค้า,5,ความล่าช้าในการจัดส่งหรือปัญหาในการจัดส่ง,"น้อยกว่า 15,000 บาท",นักเรียน / นักศึกษา
ชาย,18-25 ปี,โสด,"เล่นเกม, ถ่ายรูป ถ่ายวีดีโอ, Appication บน cloud","Instagram, Facebook, YouTube, Facebook Messenger, Spotify, TikTok, Telegram",1 - 3 ชั่วโมง,จำเป็น,Apple,รีวิวสินค้า,5,ความไม่แน่นอนเกี่ยวกับการรับประกันและการบริการหลังการขาย,"น้อยกว่า 15,000 บาท",นักเรียน / นักศึกษา
ชาย,18-25 ปี,โสด,"ถ่ายรูป ถ่ายวีดีโอ, ติดต่อสื่อสาร / ประชุมงาน, โซเชียลมีเดีย","Instagram, Facebook, Facebook Messenger, TikTok, Telegram",มากกว่า 5 ชั่วโมง,จำเป็นมากที่สุด,Apple,ราคา,4,ไม่สามารถสัมผัสหรือลองสินค้าได้จริง,"น้อยกว่า 15,000 บาท",นักเรียน / นักศึกษา
ชาย,18-25 ปี,โสด,"ดูหนัง / ฟังเพลง, เล่นเกม, โซเชียลมีเดีย","Instagram, Facebook, YouTube, Facebook Messenger, TikTok",มากกว่า 5 ชั่วโมง,จำเป็น,Apple,รีวิวสินค้า,5,ความไม่แน่นอนเกี่ยวกับการรับประกันและการบริการหลังการขาย,"น้อยกว่า 15,000 บาท",นักเรียน / นักศึกษา
หญิง,18-25 ปี,สมรส,"ดูหนัง / ฟังเพลง, ถ่ายรูป ถ่ายวีดีโอ, โซเชียลมีเดีย","Instagram, Facebook, Facebook Messenger, Spotify, TikTok",มากกว่า 5 ชั่วโมง,จำเป็นมากที่สุด,หัวเหว่ย,ราคา,5,ไม่สามารถสัมผัสหรือลองสินค้าได้จริง,"น้อยกว่า 15,000 บาท",นักเรียน / นักศึกษา
ชาย,18-25 ปี,โสด,"ดูหนัง / ฟังเพลง, เล่นเกม, โซเชียลมีเดีย","Facebook, YouTube, Facebook Messenger, Spotify",3 - 5 ชั่วโมง,จำเป็น,Apple,ราคา,4,ไม่สามารถสัมผัสหรือลองสินค้าได้จริง,"น้อยกว่า 15,000 บาท",นักเรียน / นักศึกษา
หญิง,18-25 ปี,โสด,"ดูหนัง / ฟังเพลง, ติดต่อสื่อสาร / ประชุมงาน, โซเชียลมีเดีย","Instagram, Facebook, YouTube, Facebook Messenger",มากกว่า 5 ชั่วโมง,จำเป็นมากที่สุด,XIAOMI,รีวิวสินค้า,2,ความไม่แน่นอนเกี่ยวกับการรับประกันและการบริการหลังการขาย,"น้อยกว่า 15,000 บาท",นักเรียน / นักศึกษา
ชาย,26-32 ปี,สมรส,"เล่นเกม, ถ่ายรูป ถ่ายวีดีโอ, โซเชียลมีเดีย","Instagram, Facebook, YouTube, Facebook Messenger, TikTok",มากกว่า 5 ชั่วโมง,จำเป็นมากที่สุด,Apple,ฟีเจอร์สินค้า,5,ความไม่แน่นอนเกี่ยวกับการรับประกันและการบริการหลังการขาย,"30,001 - 40,000 บาท",พนักงานข้าราชการ
หญิง,18-25 ปี,โสด,"ดูหนัง / ฟังเพลง, เล่นเกม, โซเชียลมีเดีย","Instagram, Facebook, YouTube, Facebook Messenger, Spotify, TikTok",มากกว่า 5 ชั่วโมง,จำเป็นมากที่สุด,Samsung,รีวิวสินค้า,4,ความกังวลเกี่ยวกับความปลอดภัยของการชำระเงิน,"น้อยกว่า 15,000 บาท",นักเรียน / นักศึกษา
หญิง,18-25 ปี,โสด,"ดูหนัง / ฟังเพลง, เล่นเกม, โซเชียลมีเดีย","Instagram, Facebook Messenger, TikTok",มากกว่า 5 ชั่วโมง,จำเป็นมากที่สุด,XIAOMI,ฟีเจอร์สินค้า,3,ไม่สามารถสัมผัสหรือลองสินค้าได้จริง,"น้อยกว่า 15,000 บาท",นักเรียน / นักศึกษา
หญิง,18-25 ปี,โสด,"ดูหนัง / ฟังเพลง, ถ่ายรูป ถ่ายวีดีโอ","Instagram, Facebook, YouTube, Facebook Messenger, Spotify, TikTok",มากกว่า 5 ชั่วโมง,จำเป็นมากที่สุด,Apple,ราคา,4,ความไม่แน่นอนเกี่ยวกับการรับประกันและการบริการหลังการขาย,"น้อยกว่า 15,000 บาท",นักเรียน / นักศึกษา
หญิง,18-25 ปี,โสด,"ดูหนัง / ฟังเพลง, เล่นเกม, โซเชียลมีเดีย",TikTok,3 - 5 ชั่วโมง,จำเป็น,Apple,รีวิวสินค้า,4,ความกังวลเกี่ยวกับความปลอดภัยของการชำระเงิน,"น้อยกว่า 15,000 บาท",นักเรียน / นักศึกษา
ชาย,18-25 ปี,โสด,"ดูหนัง / ฟังเพลง, เล่นเกม, โซเชียลมีเดีย","Instagram, Spotify, TikTok",มากกว่า 5 ชั่วโมง,จำเป็น,Apple,รีวิวสินค้า,4,ความกังวลเกี่ยวกับความปลอดภัยของการชำระเงิน,"น้อยกว่า 15,000 บาท",นักเรียน / นักศึกษา
หญิง,18-25 ปี,โสด,"ดูหนัง / ฟังเพลง, เล่นเกม, โซเชียลมีเดีย","Instagram, Facebook, YouTube",3 - 5 ชั่วโมง,จำเป็นมากที่สุด,Apple,ฟีเจอร์สินค้า,4,ไม่สามารถสัมผัสหรือลองสินค้าได้จริง,"น้อยกว่า 15,000 บาท",นักเรียน / นักศึกษา
ชาย,18-25 ปี,โสด,"ดูหนัง / ฟังเพลง, เล่นเกม, ถ่ายรูป ถ่ายวีดีโอ","Instagram, Facebook, YouTube, Facebook Messenger, TikTok",มากกว่า 5 ชั่วโมง,จำเป็นมากที่สุด,Apple,ฟีเจอร์สินค้า,4,ความไม่แน่นอนเกี่ยวกับการรับประกันและการบริการหลังการขาย,"น้อยกว่า 15,000 บาท",นักเรียน / นักศึกษา
หญิง,18-25 ปี,โสด,"ดูหนัง / ฟังเพลง, ถ่ายรูป ถ่ายวีดีโอ, โซเชียลมีเดีย","Instagram, YouTube, TikTok",มากกว่า 5 ชั่วโมง,จำเป็นมากที่สุด,Apple,ฟีเจอร์สินค้า,4,ไม่สามารถสัมผัสหรือลองสินค้าได้จริง,"น้อยกว่า 15,000 บาท",นักเรียน / นักศึกษา
ชาย,18-25 ปี,โสด,"ดูหนัง / ฟังเพลง, เล่นเกม, โซเชียลมีเดีย","Instagram, Facebook, YouTube, Facebook Messenger, TikTok",3 - 5 ชั่วโมง,จำเป็น,Apple,ฟีเจอร์สินค้า,4,ไม่สามารถสัมผัสหรือลองสินค้าได้จริง,"น้อยกว่า 15,000 บาท",นักเรียน / นักศึกษา
ชาย,18-25 ปี,โสด,"ดูหนัง / ฟังเพลง, ติดต่อสื่อสาร / ประชุมงาน, โซเชียลมีเดีย","Instagram, Facebook, YouTube, Facebook Messenger, TikTok",มากกว่า 5 ชั่วโมง,จำเป็นมากที่สุด,Samsung,รีวิวสินค้า,4,ไม่สามารถสัมผัสหรือลองสินค้าได้จริง,"น้อยกว่า 15,000 บาท",นักเรียน / นักศึกษา
ชาย,18-25 ปี,โสด,"ดูหนัง / ฟังเพลง, เล่นเกม","Facebook, YouTube",มากกว่า 5 ชั่วโมง,จำเป็นมากที่สุด,HUAWEI,ฟีเจอร์สินค้า,3,ไม่สามารถสัมผัสหรือลองสินค้าได้จริง,"น้อยกว่า 15,000 บาท",นักเรียน / นักศึกษา
ชาย,18-25 ปี,โสด,"ดูหนัง / ฟังเพลง, เล่นเกม, โซเชียลมีเดีย","Instagram, Facebook, YouTube, Facebook Messenger, Spotify, TikTok",มากกว่า 5 ชั่วโมง,จำเป็น,Vivo,ฟีเจอร์สินค้า,4,ความกังวลเกี่ยวกับความปลอดภัยของการชำระเงิน,"น้อยกว่า 15,000 บาท",นักเรียน / นักศึกษา
หญิง,18-25 ปี,โสด,"ดูหนัง / ฟังเพลง, ถ่ายรูป ถ่ายวีดีโอ, ติดต่อสื่อสาร / ประชุมงาน","Instagram, YouTube, Facebook Messenger, TikTok",3 - 5 ชั่วโมง,จำเป็นมากที่สุด,Apple,ราคา,5,ความกังวลเกี่ยวกับความปลอดภัยของการชำระเงิน,"15,001 - 20,000 บาท",เจ้าของธุรกิจ/ธุรกิจส่วนตัว
หญิง,18-25 ปี,โสด,ดูหนัง / ฟังเพลง,"Instagram, YouTube, TikTok",3 - 5 ชั่วโมง,จำเป็นมากที่สุด,Apple,ฟีเจอร์สินค้า,4,ความกังวลเกี่ยวกับความปลอดภัยของการชำระเงิน,"น้อยกว่า 15,000 บาท",นักเรียน / นักศึกษา
หญิง,18-25 ปี,โสด,ดูหนัง / ฟังเพลง,Instagram,มากกว่า 5 ชั่วโมง,จำเป็นมากที่สุด,Realme,ฟีเจอร์สินค้า,5,ไม่สามารถสัมผัสหรือลองสินค้าได้จริง,"น้อยกว่า 15,000 บาท",นักเรียน / นักศึกษา
ชาย,18-25 ปี,โสด,"ดูหนัง / ฟังเพลง, ติดต่อสื่อสาร / ประชุมงาน, โซเชียลมีเดีย","Instagram, Facebook, YouTube, Facebook Messenger, Spotify, TikTok, Telegram",1 - 3 ชั่วโมง,จำเป็นมากที่สุด,เครื่องคิดเลข,ฟีเจอร์สินค้า,5,ความกังวลเกี่ยวกับความปลอดภัยของการชำระเงิน,"15,001 - 20,000 บาท",นักเรียน / นักศึกษา
ชาย,18-25 ปี,โสด,"ดูหนัง / ฟังเพลง, เล่นเกม, โซเชียลมีเดีย","Instagram, Facebook, YouTube, Facebook Messenger, Spotify",มากกว่า 5 ชั่วโมง,จำเป็น,Samsung,รีวิวสินค้า,4,ไม่สามารถสัมผัสหรือลองสินค้าได้จริง,"น้อยกว่า 15,000 บาท",นักเรียน / นักศึกษา
ชาย,18-25 ปี,โสด,"ดูหนัง / ฟังเพลง, เล่นเกม, โซเชียลมีเดีย","Instagram, Facebook, YouTube, Facebook Messenger, TikTok",มากกว่า 5 ชั่วโมง,จำเป็น,XIAOMI,ฟีเจอร์สินค้า,3,ไม่สามารถสัมผัสหรือลองสินค้าได้จริง,"น้อยกว่า 15,000 บาท",นักเรียน / นักศึกษา
ชาย,18-25 ปี,โสด,"ดูหนัง / ฟังเพลง, เล่นเกม, โซเชียลมีเดีย","Facebook, YouTube, Facebook Messenger",3 - 5 ชั่วโมง,จำเป็น,Samsung,ราคา,4,ความกังวลเกี่ยวกับความปลอดภัยของการชำระเงิน,"น้อยกว่า 15,000 บาท",นักเรียน / นักศึกษา
หญิง,33-40 ปี,สมรส,"ดูหนัง / ฟังเพลง, ถ่ายรูป ถ่ายวีดีโอ, ติดต่อสื่อสาร / ประชุมงาน","Facebook, YouTube, Facebook Messenger, TikTok",มากกว่า 5 ชั่วโมง,จำเป็นมากที่สุด,Huawei,ฟีเจอร์สินค้า,4,ไม่สามารถสัมผัสหรือลองสินค้าได้จริง,"20,001 - 30,000 บาท",พนักงานบริษัทเอกชน
ชาย,18-25 ปี,โสด,"ดูหนัง / ฟังเพลง, เล่นเกม, โซเชียลมีเดีย","Instagram, Facebook, Facebook Messenger, TikTok, Telegram",มากกว่า 5 ชั่วโมง,จำเป็น,Oppo,ฟีเจอร์สินค้า,3,ความไม่แน่นอนเกี่ยวกับการรับประกันและการบริการหลังการขาย,"น้อยกว่า 15,000 บาท",นักเรียน / นักศึกษา
ชาย,18-25 ปี,โสด,"ดูหนัง / ฟังเพลง, เล่นเกม, ติดต่อสื่อสาร / ประชุมงาน","Instagram, Facebook, YouTube, Facebook Messenger, TikTok, Telegram",มากกว่า 5 ชั่วโมง,จำเป็นมากที่สุด,XIAOMI,ฟีเจอร์สินค้า,2,ความไม่แน่นอนเกี่ยวกับการรับประกันและการบริการหลังการขาย,"น้อยกว่า 15,000 บาท",นักเรียน / นักศึกษา
หญิง,18-25 ปี,โสด,"ดูหนัง / ฟังเพลง, ถ่ายรูป ถ่ายวีดีโอ, โซเชียลมีเดีย","Instagram, YouTube, TikTok",มากกว่า 5 ชั่วโมง,จำเป็นมากที่สุด,Apple,ฟีเจอร์สินค้า,4,ไม่สามารถสัมผัสหรือลองสินค้าได้จริง,"น้อยกว่า 15,000 บาท",นักเรียน / นักศึกษา
หญิง,18-25 ปี,โสด,"ดูหนัง / ฟังเพลง, ติดต่อสื่อสาร / ประชุมงาน, โซเชียลมีเดีย","Instagram, Facebook, YouTube, Facebook Messenger, Spotify, TikTok",มากกว่า 5 ชั่วโมง,จำเป็น,Samsung,รีวิวสินค้า,4,ความไม่แน่นอนเกี่ยวกับการรับประกันและการบริการหลังการขาย,"น้อยกว่า 15,000 บาท",นักเรียน / นักศึกษา
ชาย,18-25 ปี,โสด,"ดูหนัง / ฟังเพลง, เล่นเกม, โซเชียลมีเดีย","Instagram, Facebook, YouTube, Facebook Messenger, TikTok",มากกว่า 5 ชั่วโมง,จำเป็นมากที่สุด,Apple,ฟีเจอร์สินค้า,5,ความไม่แน่นอนเกี่ยวกับการรับประกันและการบริการหลังการขาย,"น้อยกว่า 15,000 บาท",นักเรียน / นักศึกษา
หญิง,18-25 ปี,โสด,"ดูหนัง / ฟังเพลง, ถ่ายรูป ถ่ายวีดีโอ, โซเชียลมีเดีย","Instagram, YouTube, Spotify, TikTok",3 - 5 ชั่วโมง,จำเป็นมากที่สุด,Apple,ฟีเจอร์สินค้า,5,ความกังวลเกี่ยวกับความปลอดภัยของการชำระเงิน,"น้อยกว่า 15,000 บาท",นักเรียน / นักศึกษา
หญิง,18-25 ปี,โสด,"ดูหนัง / ฟังเพลง, ถ่ายรูป ถ่ายวีดีโอ, โซเชียลมีเดีย","Instagram, TikTok",มากกว่า 5 ชั่วโมง,จำเป็นมากที่สุด,Apple,รีวิวสินค้า,5,ไม่สามารถสัมผัสหรือลองสินค้าได้จริง,"น้อยกว่า 15,000 บาท",นักเรียน / นักศึกษา
หญิง,18-25 ปี,โสด,"ดูหนัง / ฟังเพลง, ถ่ายรูป ถ่ายวีดีโอ, โซเชียลมีเดีย","Instagram, Facebook, YouTube, Facebook Messenger, Spotify, TikTok",มากกว่า 5 ชั่วโมง,จำเป็น,Apple,ฟีเจอร์สินค้า,4,ความกังวลเกี่ยวกับความปลอดภัยของการชำระเงิน,"น้อยกว่า 15,000 บาท",นักเรียน / นักศึกษา
หญิง,18-25 ปี,โสด,"ดูหนัง / ฟังเพลง, ถ่ายรูป ถ่ายวีดีโอ, โซเชียลมีเดีย","Instagram, TikTok",มากกว่า 5 ชั่วโมง,จำเป็นมากที่สุด,Apple,รีวิวสินค้า,4,ความกังวลเกี่ยวกับความปลอดภัยของการชำระเงิน,"น้อยกว่า 15,000 บาท",นักเรียน / นักศึกษา
หญิง,18-25 ปี,โสด,"ดูหนัง / ฟังเพลง, เล่นเกม, โซเชียลมีเดีย","Instagram, Facebook, YouTube, Facebook Messenger, TikTok, Line",มากกว่า 5 ชั่วโมง,จำเป็น,Oppo,รีวิวสินค้า,5,ไม่สามารถสัมผัสหรือลองสินค้าได้จริง,"น้อยกว่า 15,000 บาท",นักเรียน / นักศึกษา
หญิง,18-25 ปี,โสด,"Appication บน cloud, ติดต่อสื่อสาร / ประชุมงาน, โซเชียลมีเดีย","Instagram, Facebook, Facebook Messenger, TikTok, LINE",มากกว่า 5 ชั่วโมง,จำเป็นมากที่สุด,Apple,ราคา,5,ไม่สามารถสัมผัสหรือลองสินค้าได้จริง,"20,001 - 30,000 บาท",นักเรียน / นักศึกษา
หญิง,18-25 ปี,โสด,"ดูหนัง / ฟังเพลง, เล่นเกม, โซเชียลมีเดีย","Instagram, Facebook, YouTube, Facebook Messenger, Spotify, TikTok",มากกว่า 5 ชั่วโมง,จำเป็นมากที่สุด,Samsung,ฟีเจอร์สินค้า,5,ความไม่แน่นอนเกี่ยวกับการรับประกันและการบริการหลังการขาย,"น้อยกว่า 15,000 บาท",นักเรียน / นักศึกษา
หญิง,26-32 ปี,โสด,"ดูหนัง / ฟังเพลง, เล่นเกม, ถ่ายรูป ถ่ายวีดีโอ","Instagram, Facebook, YouTube, Facebook Messenger, TikTok",1 - 3 ชั่วโมง,จำเป็น,Apple,รีวิวสินค้า,4,ความกังวลเกี่ยวกับความปลอดภัยของการชำระเงิน,"น้อยกว่า 15,000 บาท",เจ้าของธุรกิจ/ธุรกิจส่วนตัว
หญิง,18-25 ปี,โสด,"ดูหนัง / ฟังเพลง, โซเชียลมีเดีย","Instagram, YouTube",มากกว่า 5 ชั่วโมง,จำเป็นมากที่สุด,Apple,ฟีเจอร์สินค้า,5,ความกังวลเกี่ยวกับความปลอดภัยของการชำระเงิน,"20,001 - 30,000 บาท",นักเรียน / นักศึกษา
หญิง,26-32 ปี,โสด,"ถ่ายรูป ถ่ายวีดีโอ, ติดต่อสื่อสาร / ประชุมงาน, โซเชียลมีเดีย","Instagram, Facebook, YouTube, Facebook Messenger, Spotify, TikTok",มากกว่า 5 ชั่วโมง,จำเป็น,Apple,รีวิวสินค้า,4,ไม่สามารถสัมผัสหรือลองสินค้าได้จริง,"20,001 - 30,000 บาท",เจ้าของธุรกิจ/ธุรกิจส่วนตัว
ชาย,18-25 ปี,โสด,"ดูหนัง / ฟังเพลง, เล่นเกม, โซเชียลมีเดีย","Instagram, Facebook, YouTube, Facebook Messenger, Telegram",3 - 5 ชั่วโมง,จำเป็น,XIAOMI,ราคา,4,ความไม่แน่นอนเกี่ยวกับการรับประกันและการบริการหลังการขาย,"น้อยกว่า 15,000 บาท",นักเรียน / นักศึกษา
หญิง,18-25 ปี,โสด,"ดูหนัง / ฟังเพลง, ถ่ายรูป ถ่ายวีดีโอ","Instagram, Facebook, YouTube, TikTok",มากกว่า 5 ชั่วโมง,จำเป็นมากที่สุด,Apple,ราคา,4,ความกังวลเกี่ยวกับความปลอดภัยของการชำระเงิน,"น้อยกว่า 15,000 บาท",นักเรียน / นักศึกษา
หญิง,18-25 ปี,โสด,"ดูหนัง / ฟังเพลง, เล่นเกม, โซเชียลมีเดีย","Instagram, Facebook, YouTube, Facebook Messenger, Spotify, TikTok",3 - 5 ชั่วโมง,จำเป็นมากที่สุด,Apple,รีวิวสินค้า,5,ไม่สามารถสัมผัสหรือลองสินค้าได้จริง,"น้อยกว่า 15,000 บาท",นักเรียน / นักศึกษา
หญิง,18-25 ปี,โสด,"ดูหนัง / ฟังเพลง, เล่นเกม, โซเชียลมีเดีย","Instagram, Facebook, YouTube, Facebook Messenger, Spotify, TikTok",3 - 5 ชั่วโมง,จำเป็นมากที่สุด,Apple,รีวิวสินค้า,5,ไม่สามารถสัมผัสหรือลองสินค้าได้จริง,"น้อยกว่า 15,000 บาท",นักเรียน / นักศึกษา
หญิง,18-25 ปี,โสด,"ดูหนัง / ฟังเพลง, ถ่ายรูป ถ่ายวีดีโอ","Instagram, Facebook, YouTube, TikTok",มากกว่า 5 ชั่วโมง,จำเป็นมากที่สุด,Apple,ราคา,4,ความกังวลเกี่ยวกับความปลอดภัยของการชำระเงิน,"น้อยกว่า 15,000 บาท",นักเรียน / นักศึกษา
ชาย,18-25 ปี,โสด,"ดูหนัง / ฟังเพลง, เล่นเกม, โซเชียลมีเดีย","Instagram, Facebook Messenger, TikTok",1 - 3 ชั่วโมง,จำเป็น,Vivo,รีวิวสินค้า,4,ไม่สามารถสัมผัสหรือลองสินค้าได้จริง,"15,001 - 20,000 บาท",เจ้าของธุรกิจ/ธุรกิจส่วนตัว
ชาย,18-25 ปี,โสด,"ดูหนัง / ฟังเพลง, เล่นเกม, โซเชียลมีเดีย","Instagram, Facebook, YouTube, Facebook Messenger, Spotify, TikTok, Telegram",มากกว่า 5 ชั่วโมง,จำเป็นมากที่สุด,XIAOMI,ราคา,4,ความไม่แน่นอนเกี่ยวกับการรับประกันและการบริการหลังการขาย,"น้อยกว่า 15,000 บาท",นักเรียน / นักศึกษา
ชาย,18-25 ปี,โสด,"ดูหนัง / ฟังเพลง, ถ่ายรูป ถ่ายวีดีโอ","Instagram, Facebook, YouTube, Facebook Messenger, TikTok",มากกว่า 5 ชั่วโมง,จำเป็น,Apple,ราคา,4,ความไม่แน่นอนเกี่ยวกับการรับประกันและการบริการหลังการขาย,"น้อยกว่า 15,000 บาท",นักเรียน / นักศึกษา
หญิง,18-25 ปี,โสด,"ดูหนัง / ฟังเพลง, ติดต่อสื่อสาร / ประชุมงาน, โซเชียลมีเดีย","Instagram, Facebook, YouTube, Facebook Messenger, TikTok",มากกว่า 5 ชั่วโมง,จำเป็นมากที่สุด,Apple,ฟีเจอร์สินค้า,4,ความกังวลเกี่ยวกับความปลอดภัยของการชำระเงิน,"น้อยกว่า 15,000 บาท",นักเรียน / นักศึกษา
หญิง,18-25 ปี,โสด,"ดูหนัง / ฟังเพลง, เล่นเกม, ถ่ายรูป ถ่ายวีดีโอ","Instagram, Facebook, YouTube, Facebook Messenger, Spotify, TikTok",มากกว่า 5 ชั่วโมง,จำเป็นมากที่สุด,Samsung,ราคา,5,ความไม่แน่นอนเกี่ยวกับการรับประกันและการบริการหลังการขาย,"น้อยกว่า 15,000 บาท",นักเรียน / นักศึกษา
ชาย,18-25 ปี,โสด,"ดูหนัง / ฟังเพลง, เล่นเกม, โซเชียลมีเดีย","Instagram, Facebook, YouTube, Facebook Messenger, TikTok, Telegram",มากกว่า 5 ชั่วโมง,จำเป็นมากที่สุด,Apple,ฟีเจอร์สินค้า,5,ไม่สามารถสัมผัสหรือลองสินค้าได้จริง,"น้อยกว่า 15,000 บาท",นักเรียน / นักศึกษา
ชาย,26-32 ปี,โสด,"ดูหนัง / ฟังเพลง, ติดต่อสื่อสาร / ประชุมงาน, โซเชียลมีเดีย","Instagram, Facebook, YouTube, Facebook Messenger, TikTok",มากกว่า 5 ชั่วโมง,จำเป็น,Samsung,ฟีเจอร์สินค้า,4,ความไม่แน่นอนเกี่ยวกับการรับประกันและการบริการหลังการขาย,"30,001 - 40,000 บาท",เจ้าของธุรกิจ/ธุรกิจส่วนตัว
ชาย,18-25 ปี,โสด,"ดูหนัง / ฟังเพลง, เล่นเกม, โซเชียลมีเดีย","Instagram, Facebook, YouTube, Facebook Messenger, TikTok",มากกว่า 5 ชั่วโมง,จำเป็นมากที่สุด,Samsung,รีวิวสินค้า,3,ความไม่แน่นอนเกี่ยวกับการรับประกันและการบริการหลังการขาย,"น้อยกว่า 15,000 บาท",นักเรียน / นักศึกษา
ชาย,26-32 ปี,โสด,"ดูหนัง / ฟังเพลง, ติดต่อสื่อสาร / ประชุมงาน, โซเชียลมีเดีย","Instagram, Facebook, YouTube, Facebook Messenger, TikTok",มากกว่า 5 ชั่วโมง,จำเป็น,Samsung,ฟีเจอร์สินค้า,4,ความล่าช้าในการจัดส่งหรือปัญหาในการจัดส่ง,"20,001 - 30,000 บาท",เจ้าของธุรกิจ/ธุรกิจส่วนตัว
ชาย,26-32 ปี,โสด,"ดูหนัง / ฟังเพลง, เล่นเกม",YouTube,มากกว่า 5 ชั่วโมง,จำเป็น,Apple,ฟีเจอร์สินค้า,4,ความกังวลเกี่ยวกับความปลอดภัยของการชำระเงิน,"15,001 - 20,000 บาท",เจ้าของธุรกิจ/ธุรกิจส่วนตัว
ชาย,18-25 ปี,โสด,"ดูหนัง / ฟังเพลง, เล่นเกม","Instagram, Facebook, YouTube, Facebook Messenger, TikTok",มากกว่า 5 ชั่วโมง,จำเป็นมากที่สุด,Apple,ฟีเจอร์สินค้า,5,ไม่สามารถสัมผัสหรือลองสินค้าได้จริง,"น้อยกว่า 15,000 บาท",นักเรียน / นักศึกษา
ชาย,18-25 ปี,โสด,"ดูหนัง / ฟังเพลง, เล่นเกม, ถ่ายรูป ถ่ายวีดีโอ","Instagram, Facebook, TikTok",มากกว่า 5 ชั่วโมง,จำเป็นมากที่สุด,Apple,ฟีเจอร์สินค้า,4,ไม่สามารถสัมผัสหรือลองสินค้าได้จริง,"น้อยกว่า 15,000 บาท",นักเรียน / นักศึกษา
ชาย,18-25 ปี,โสด,"ดูหนัง / ฟังเพลง, เล่นเกม, ถ่ายรูป ถ่ายวีดีโอ","Instagram, Facebook, YouTube, Facebook Messenger, Spotify, TikTok",3 - 5 ชั่วโมง,จำเป็น,Apple,ราคา,5,ความกังวลเกี่ยวกับความปลอดภัยของการชำระเงิน,"น้อยกว่า 15,000 บาท",นักเรียน / นักศึกษา
ชาย,18-25 ปี,โสด,"ถ่ายรูป ถ่ายวีดีโอ, ติดต่อสื่อสาร / ประชุมงาน, โซเชียลมีเดีย","Instagram, Facebook, YouTube, Facebook Messenger, Spotify, TikTok, Telegram",มากกว่า 5 ชั่วโมง,จำเป็น,Apple,ฟีเจอร์สินค้า,5,ไม่สามารถสัมผัสหรือลองสินค้าได้จริง,"น้อยกว่า 15,000 บาท",นักเรียน / นักศึกษา
ชาย,18-25 ปี,โสด,"ดูหนัง / ฟังเพลง, เล่นเกม, โซเชียลมีเดีย","Instagram, Facebook Messenger, TikTok",มากกว่า 5 ชั่วโมง,จำเป็น,Apple,ฟีเจอร์สินค้า,4,ความกังวลเกี่ยวกับความปลอดภัยของการชำระเงิน,"น้อยกว่า 15,000 บาท",นักเรียน / นักศึกษา
หญิง,18-25 ปี,โสด,"ดูหนัง / ฟังเพลง, เล่นเกม, โซเชียลมีเดีย","Instagram, Facebook, YouTube, Facebook Messenger, TikTok, Line, X",มากกว่า 5 ชั่วโมง,จำเป็นมากที่สุด,Vivo,ฟีเจอร์สินค้า,5,ความกังวลเกี่ยวกับความปลอดภัยของการชำระเงิน,"น้อยกว่า 15,000 บาท",นักเรียน / นักศึกษา
ชาย,18-25 ปี,โสด,"เล่นเกม, ถ่ายรูป ถ่ายวีดีโอ, ติดต่อสื่อสาร / ประชุมงาน","Instagram, Facebook, YouTube, Facebook Messenger, TikTok",1 - 3 ชั่วโมง,จำเป็นมากที่สุด,Apple,รีวิวสินค้า,5,ไม่สามารถสัมผัสหรือลองสินค้าได้จริง,"น้อยกว่า 15,000 บาท",นักเรียน / นักศึกษา
ชาย,18-25 ปี,โสด,"ดูหนัง / ฟังเพลง, ถ่ายรูป ถ่ายวีดีโอ, ติดต่อสื่อสาร / ประชุมงาน","Instagram, Facebook, YouTube, Facebook Messenger, Telegram",1 - 3 ชั่วโมง,จำเป็น,Realme 7 5G,ฟีเจอร์สินค้า,3,ความกังวลเกี่ยวกับความปลอดภัยของการชำระเงิน,"น้อยกว่า 15,000 บาท",นักเรียน / นักศึกษา
ชาย,18-25 ปี,โสด,"ดูหนัง / ฟังเพลง, เล่นเกม, ถ่ายรูป ถ่ายวีดีโอ","Instagram, Facebook, YouTube, Facebook Messenger, Spotify, TikTok",1 - 3 ชั่วโมง,จำเป็น,XIAOMI,รีวิวสินค้า,4,ความไม่แน่นอนเกี่ยวกับการรับประกันและการบริการหลังการขาย,"น้อยกว่า 15,000 บาท",นักเรียน / นักศึกษา
ชาย,18-25 ปี,โสด,ดูหนัง / ฟังเพลง,"Instagram, Facebook, YouTube, Snapchat, Facebook Messenger, Spotify, WhatsApp, TikTok",3 - 5 ชั่วโมง,จำเป็นมากที่สุด,Apple,ราคา,3,ความกังวลเกี่ยวกับความปลอดภัยของการชำระเงิน,"น้อยกว่า 15,000 บาท",นักเรียน / นักศึกษา
ชาย,18-25 ปี,โสด,"ดูหนัง / ฟังเพลง, เล่นเกม, โซเชียลมีเดีย","Instagram, Facebook, YouTube, Facebook Messenger",มากกว่า 5 ชั่วโมง,จำเป็นมากที่สุด,Samsung,ราคา,3,ความกังวลเกี่ยวกับความปลอดภัยของการชำระเงิน,"น้อยกว่า 15,000 บาท",นักเรียน / นักศึกษา
ชาย,18-25 ปี,โสด,ดูหนัง / ฟังเพลง,"YouTube, Facebook Messenger, Discord, Wise",มากกว่า 5 ชั่วโมง,จำเป็น,Apple,ฟีเจอร์สินค้า,4,ไม่สามารถสัมผัสหรือลองสินค้าได้จริง,"มากกว่า 50,001 บาทขึ้นไป",เจ้าของธุรกิจ/ธุรกิจส่วนตัว
หญิง,18-25 ปี,โสด,"ดูหนัง / ฟังเพลง, เล่นเกม, ติดต่อสื่อสาร / ประชุมงาน","Instagram, Facebook, YouTube, Spotify, TikTok",มากกว่า 5 ชั่วโมง,จำเป็นมากที่สุด,Apple,ราคา,4,ไม่สามารถสัมผัสหรือลองสินค้าได้จริง,"น้อยกว่า 15,000 บาท",นักเรียน / นักศึกษา
ชาย,18-25 ปี,โสด,"ดูหนัง / ฟังเพลง, ถ่ายรูป ถ่ายวีดีโอ, ติดต่อสื่อสาร / ประชุมงาน","Instagram, Facebook, YouTube, Facebook Messenger, Spotify",มากกว่า 5 ชั่วโมง,จำเป็นมากที่สุด,Oppo,ราคา,4,ความไม่แน่นอนเกี่ยวกับการรับประกันและการบริการหลังการขาย,"น้อยกว่า 15,000 บาท",นักเรียน / นักศึกษา
หญิง,18-25 ปี,โสด,"ดูหนัง / ฟังเพลง, ติดต่อสื่อสาร / ประชุมงาน, โซเชียลมีเดีย","Instagram, Facebook, YouTube, Facebook Messenger, TikTok",มากกว่า 5 ชั่วโมง,จำเป็นมากที่สุด,Realme,ฟีเจอร์สินค้า,5,ความกังวลเกี่ยวกับความปลอดภัยของการชำระเงิน,"น้อยกว่า 15,000 บาท",นักเรียน / นักศึกษา
ชาย,18-25 ปี,โสด,"ดูหนัง / ฟังเพลง, เล่นเกม, โซเชียลมีเดีย","Facebook, YouTube, Facebook Messenger",1 - 3 ชั่วโมง,จำเป็น,Oppo,ราคา,4,ไม่สามารถสัมผัสหรือลองสินค้าได้จริง,"น้อยกว่า 15,000 บาท",นักเรียน / นักศึกษา
ชาย,18-25 ปี,สมรส,"ดูหนัง / ฟังเพลง, โซเชียลมีเดีย","Instagram, Facebook, YouTube, Facebook Messenger, TikTok",1 - 3 ชั่วโมง,จำเป็นมากที่สุด,Samsung,รีวิวสินค้า,4,ความกังวลเกี่ยวกับความปลอดภัยของการชำระเงิน,"น้อยกว่า 15,000 บาท",พนักงานโรงงานอุตสาหกรรม
หญิง,26-32 ปี,โสด,"ดูหนัง / ฟังเพลง, เล่นเกม, ติดต่อสื่อสาร / ประชุมงาน","Facebook, Facebook Messenger, Spotify",มากกว่า 5 ชั่วโมง,จำเป็นมากที่สุด,Apple,ฟีเจอร์สินค้า,3,ไม่สามารถสัมผัสหรือลองสินค้าได้จริง,"น้อยกว่า 15,000 บาท",พนักงานบริษัทเอกชน
ชาย,18-25 ปี,โสด,"ดูหนัง / ฟังเพลง, ถ่ายรูป ถ่ายวีดีโอ, โซเชียลมีเดีย","Instagram, Facebook, YouTube, Facebook Messenger",3 - 5 ชั่วโมง,จำเป็น,Samsung,ฟีเจอร์สินค้า,4,ความไม่แน่นอนเกี่ยวกับการรับประกันและการบริการหลังการขาย,"น้อยกว่า 15,000 บาท",นักเรียน / นักศึกษา
หญิง,18-25 ปี,โสด,"ถ่ายรูป ถ่ายวีดีโอ, ติดต่อสื่อสาร / ประชุมงาน, โซเชียลมีเดีย","Instagram, Facebook, YouTube",3 - 5 ชั่วโมง,จำเป็น,Apple,ฟีเจอร์สินค้า,5,ความไม่แน่นอนเกี่ยวกับการรับประกันและการบริการหลังการขาย,"น้อยกว่า 15,000 บาท",นักเรียน / นักศึกษา
หญิง,18-25 ปี,โสด,ดูหนัง / ฟังเพลง,"Instagram, Facebook, Facebook Messenger, TikTok",1 - 3 ชั่วโมง,จำเป็นมากที่สุด,Oppo,รีวิวสินค้า,3,ความไม่แน่นอนเกี่ยวกับการรับประกันและการบริการหลังการขาย,"น้อยกว่า 15,000 บาท",นักเรียน / นักศึกษา
หญิง,33-40 ปี,สมรส,"ถ่ายรูป ถ่ายวีดีโอ, ติดต่อสื่อสาร / ประชุมงาน, โซเชียลมีเดีย","Facebook, Facebook Messenger",1 - 3 ชั่วโมง,จำเป็นมากที่สุด,Samsung,ราคา,5,ไม่สามารถสัมผัสหรือลองสินค้าได้จริง,"15,001 - 20,000 บาท",พนักงานข้าราชการ
หญิง,33-40 ปี,สมรส,"ถ่ายรูป ถ่ายวีดีโอ, ติดต่อสื่อสาร / ประชุมงาน, โซเชียลมีเดีย","Facebook, Facebook Messenger",1 - 3 ชั่วโมง,จำเป็นมากที่สุด,Samsung,ราคา,5,ไม่สามารถสัมผัสหรือลองสินค้าได้จริง,"15,001 - 20,000 บาท",พนักงานข้าราชการ
หญิง,33-40 ปี,สมรส,"ถ่ายรูป ถ่ายวีดีโอ, ติดต่อสื่อสาร / ประชุมงาน, โซเชียลมีเดีย","Facebook, Facebook Messenger",1 - 3 ชั่วโมง,จำเป็นมากที่สุด,Samsung,ราคา,5,ไม่สามารถสัมผัสหรือลองสินค้าได้จริง,"15,001 - 20,000 บาท",พนักงานข้าราชการ
หญิง,33-40 ปี,สมรส,"ถ่ายรูป ถ่ายวีดีโอ, ติดต่อสื่อสาร / ประชุมงาน, โซเชียลมีเดีย","Facebook, Facebook Messenger",1 - 3 ชั่วโมง,จำเป็นมากที่สุด,Samsung,ราคา,5,ไม่สามารถสัมผัสหรือลองสินค้าได้จริง,"15,001 - 20,000 บาท",พนักงานข้าราชการ
หญิง,33-40 ปี,สมรส,"ถ่ายรูป ถ่ายวีดีโอ, ติดต่อสื่อสาร / ประชุมงาน, โซเชียลมีเดีย","Facebook, Facebook Messenger",1 - 3 ชั่วโมง,จำเป็นมากที่สุด,Samsung,ราคา,5,ไม่สามารถสัมผัสหรือลองสินค้าได้จริง,"15,001 - 20,000 บาท",พนักงานข้าราชการ
หญิง,33-40 ปี,สมรส,"ถ่ายรูป ถ่ายวีดีโอ, ติดต่อสื่อสาร / ประชุมงาน, โซเชียลมีเดีย","Facebook, Facebook Messenger",1 - 3 ชั่วโมง,จำเป็นมากที่สุด,Samsung,ราคา,5,ไม่สามารถสัมผัสหรือลองสินค้าได้จริง,"15,001 - 20,000 บาท",พนักงานข้าราชการ
หญิง,33-40 ปี,สมรส,"ถ่ายรูป ถ่ายวีดีโอ, ติดต่อสื่อสาร / ประชุมงาน, โซเชียลมีเดีย","Facebook, Facebook Messenger",1 - 3 ชั่วโมง,จำเป็นมากที่สุด,Samsung,ราคา,5,ไม่สามารถสัมผัสหรือลองสินค้าได้จริง,"15,001 - 20,000 บาท",พนักงานข้าราชการ
หญิง,33-40 ปี,สมรส,"ถ่ายรูป ถ่ายวีดีโอ, ติดต่อสื่อสาร / ประชุมงาน, โซเชียลมีเดีย","Facebook, Facebook Messenger",1 - 3 ชั่วโมง,จำเป็นมากที่สุด,Samsung,ราคา,5,ไม่สามารถสัมผัสหรือลองสินค้าได้จริง,"15,001 - 20,000 บาท",พนักงานข้าราชการ
หญิง,33-40 ปี,สมรส,"ถ่ายรูป ถ่ายวีดีโอ, ติดต่อสื่อสาร / ประชุมงาน, โซเชียลมีเดีย","Facebook, Facebook Messenger",1 - 3 ชั่วโมง,จำเป็นมากที่สุด,Samsung,ราคา,5,ไม่สามารถสัมผัสหรือลองสินค้าได้จริง,"15,001 - 20,000 บาท",พนักงานข้าราชการ
หญิง,33-40 ปี,สมรส,"ถ่ายรูป ถ่ายวีดีโอ, ติดต่อสื่อสาร / ประชุมงาน, โซเชียลมีเดีย","Facebook, Facebook Messenger",1 - 3 ชั่วโมง,จำเป็นมากที่สุด,Samsung,ราคา,5,ไม่สามารถสัมผัสหรือลองสินค้าได้จริง,"15,001 - 20,000 บาท",พนักงานข้าราชการ
หญิง,33-40 ปี,สมรส,"ถ่ายรูป ถ่ายวีดีโอ, ติดต่อสื่อสาร / ประชุมงาน, โซเชียลมีเดีย","Facebook, Facebook Messenger",1 - 3 ชั่วโมง,จำเป็นมากที่สุด,Samsung,ราคา,5,ไม่สามารถสัมผัสหรือลองสินค้าได้จริง,"15,001 - 20,000 บาท",พนักงานข้าราชการ
หญิง,33-40 ปี,สมรส,"ถ่ายรูป ถ่ายวีดีโอ, ติดต่อสื่อสาร / ประชุมงาน, โซเชียลมีเดีย","Facebook, Facebook Messenger",1 - 3 ชั่วโมง,จำเป็นมากที่สุด,Samsung,ราคา,5,ไม่สามารถสัมผัสหรือลองสินค้าได้จริง,"15,001 - 20,000 บาท",พนักงานข้าราชการ
หญิง,33-40 ปี,สมรส,"ถ่ายรูป ถ่ายวีดีโอ, ติดต่อสื่อสาร / ประชุมงาน, โซเชียลมีเดีย","Facebook, Facebook Messenger",1 - 3 ชั่วโมง,จำเป็นมากที่สุด,Samsung,ราคา,5,ไม่สามารถสัมผัสหรือลองสินค้าได้จริง,"15,001 - 20,000 บาท",พนักงานข้าราชการ
หญิง,33-40 ปี,สมรส,"ถ่ายรูป ถ่ายวีดีโอ, ติดต่อสื่อสาร / ประชุมงาน, โซเชียลมีเดีย","Facebook, Facebook Messenger",1 - 3 ชั่วโมง,จำเป็นมากที่สุด,Samsung,ราคา,5,ไม่สามารถสัมผัสหรือลองสินค้าได้จริง,"15,001 - 20,000 บาท",พนักงานข้าราชการ
หญิง,33-40 ปี,สมรส,"ถ่ายรูป ถ่ายวีดีโอ, ติดต่อสื่อสาร / ประชุมงาน, โซเชียลมีเดีย","Facebook, Facebook Messenger",1 - 3 ชั่วโมง,จำเป็นมากที่สุด,Samsung,ราคา,5,ไม่สามารถสัมผัสหรือลองสินค้าได้จริง,"15,001 - 20,000 บาท",พนักงานข้าราชการ
หญิง,33-40 ปี,สมรส,"ถ่ายรูป ถ่ายวีดีโอ, ติดต่อสื่อสาร / ประชุมงาน, โซเชียลมีเดีย","Facebook, Facebook Messenger",1 - 3 ชั่วโมง,จำเป็นมากที่สุด,Samsung,ราคา,5,ไม่สามารถสัมผัสหรือลองสินค้าได้จริง,"15,001 - 20,000 บาท",พนักงานข้าราชการ
หญิง,33-40 ปี,สมรส,"ถ่ายรูป ถ่ายวีดีโอ, ติดต่อสื่อสาร / ประชุมงาน, โซเชียลมีเดีย","Facebook, Facebook Messenger",1 - 3 ชั่วโมง,จำเป็นมากที่สุด,Samsung,ราคา,5,ไม่สามารถสัมผัสหรือลองสินค้าได้จริง,"15,001 - 20,000 บาท",พนักงานข้าราชการ
หญิง,33-40 ปี,สมรส,"ถ่ายรูป ถ่ายวีดีโอ, ติดต่อสื่อสาร / ประชุมงาน, โซเชียลมีเดีย","Facebook, Facebook Messenger",1 - 3 ชั่วโมง,จำเป็นมากที่สุด,Samsung,ราคา,5,ไม่สามารถสัมผัสหรือลองสินค้าได้จริง,"15,001 - 20,000 บาท",พนักงานข้าราชการ
หญิง,33-40 ปี,สมรส,"ถ่ายรูป ถ่ายวีดีโอ, ติดต่อสื่อสาร / ประชุมงาน, โซเชียลมีเดีย","Facebook, Facebook Messenger",1 - 3 ชั่วโมง,จำเป็นมากที่สุด,Samsung,ราคา,5,ไม่สามารถสัมผัสหรือลองสินค้าได้จริง,"15,001 - 20,000 บาท",พนักงานข้าราชการ
หญิง,33-40 ปี,สมรส,"ถ่ายรูป ถ่ายวีดีโอ, ติดต่อสื่อสาร / ประชุมงาน, โซเชียลมีเดีย","Facebook, Facebook Messenger",1 - 3 ชั่วโมง,จำเป็นมากที่สุด,Samsung,ราคา,5,ไม่สามารถสัมผัสหรือลองสินค้าได้จริง,"15,001 - 20,000 บาท",พนักงานข้าราชการ
หญิง,33-40 ปี,สมรส,"ถ่ายรูป ถ่ายวีดีโอ, ติดต่อสื่อสาร / ประชุมงาน, โซเชียลมีเดีย","Facebook, Facebook Messenger",1 - 3 ชั่วโมง,จำเป็นมากที่สุด,Samsung,ราคา,5,ไม่สามารถสัมผัสหรือลองสินค้าได้จริง,"15,001 - 20,000 บาท",พนักงานข้าราชการ
หญิง,33-40 ปี,สมรส,"ถ่ายรูป ถ่ายวีดีโอ, ติดต่อสื่อสาร / ประชุมงาน, โซเชียลมีเดีย","Facebook, Facebook Messenger",1 - 3 ชั่วโมง,จำเป็นมากที่สุด,Samsung,ราคา,5,ไม่สามารถสัมผัสหรือลองสินค้าได้จริง,"15,001 - 20,000 บาท",พนักงานข้าราชการ
หญิง,33-40 ปี,สมรส,"ถ่ายรูป ถ่ายวีดีโอ, ติดต่อสื่อสาร / ประชุมงาน, โซเชียลมีเดีย","Facebook, Facebook Messenger",1 - 3 ชั่วโมง,จำเป็นมากที่สุด,Samsung,ราคา,5,ไม่สามารถสัมผัสหรือลองสินค้าได้จริง,"15,001 - 20,000 บาท",พนักงานข้าราชการ
หญิง,33-40 ปี,สมรส,"ถ่ายรูป ถ่ายวีดีโอ, ติดต่อสื่อสาร / ประชุมงาน, โซเชียลมีเดีย","Facebook, Facebook Messenger",1 - 3 ชั่วโมง,จำเป็นมากที่สุด,Samsung,ราคา,5,ไม่สามารถสัมผัสหรือลองสินค้าได้จริง,"15,001 - 20,000 บาท",พนักงานข้าราชการ
หญิง,33-40 ปี,สมรส,"ถ่ายรูป ถ่ายวีดีโอ, ติดต่อสื่อสาร / ประชุมงาน, โซเชียลมีเดีย","Facebook, Facebook Messenger",1 - 3 ชั่วโมง,จำเป็นมากที่สุด,Samsung,ราคา,5,ไม่สามารถสัมผัสหรือลองสินค้าได้จริง,"15,001 - 20,000 บาท",พนักงานข้าราชการ
หญิง,33-40 ปี,สมรส,"ถ่ายรูป ถ่ายวีดีโอ, ติดต่อสื่อสาร / ประชุมงาน, โซเชียลมีเดีย","Facebook, Facebook Messenger",1 - 3 ชั่วโมง,จำเป็นมากที่สุด,Samsung,ราคา,5,ไม่สามารถสัมผัสหรือลองสินค้าได้จริง,"15,001 - 20,000 บาท",พนักงานข้าราชการ
หญิง,33-40 ปี,สมรส,"ถ่ายรูป ถ่ายวีดีโอ, ติดต่อสื่อสาร / ประชุมงาน, โซเชียลมีเดีย","Facebook, Facebook Messenger",1 - 3 ชั่วโมง,จำเป็นมากที่สุด,Samsung,ราคา,5,ไม่สามารถสัมผัสหรือลองสินค้าได้จริง,"15,001 - 20,000 บาท",พนักงานข้าราชการ
หญิง,33-40 ปี,สมรส,"ถ่ายรูป ถ่ายวีดีโอ, ติดต่อสื่อสาร / ประชุมงาน, โซเชียลมีเดีย","Facebook, Facebook Messenger",1 - 3 ชั่วโมง,จำเป็นมากที่สุด,Samsung,ราคา,5,ไม่สามารถสัมผัสหรือลองสินค้าได้จริง,"15,001 - 20,000 บาท",พนักงานข้าราชการ
หญิง,33-40 ปี,สมรส,"ถ่ายรูป ถ่ายวีดีโอ, ติดต่อสื่อสาร / ประชุมงาน, โซเชียลมีเดีย","Facebook, Facebook Messenger",1 - 3 ชั่วโมง,จำเป็นมากที่สุด,Samsung,ราคา,5,ไม่สามารถสัมผัสหรือลองสินค้าได้จริง,"15,001 - 20,000 บาท",พนักงานข้าราชการ
หญิง,33-40 ปี,สมรส,"ถ่ายรูป ถ่ายวีดีโอ, ติดต่อสื่อสาร / ประชุมงาน, โซเชียลมีเดีย","Facebook, Facebook Messenger",1 - 3 ชั่วโมง,จำเป็นมากที่สุด,Samsung,ราคา,5,ไม่สามารถสัมผัสหรือลองสินค้าได้จริง,"15,001 - 20,000 บาท",พนักงานข้าราชการ
หญิง,33-40 ปี,สมรส,"ถ่ายรูป ถ่ายวีดีโอ, ติดต่อสื่อสาร / ประชุมงาน, โซเชียลมีเดีย","Facebook, Facebook Messenger",1 - 3 ชั่วโมง,จำเป็นมากที่สุด,Samsung,ราคา,5,ไม่สามารถสัมผัสหรือลองสินค้าได้จริง,"15,001 - 20,000 บาท",พนักงานข้าราชการ
หญิง,33-40 ปี,สมรส,"ถ่ายรูป ถ่ายวีดีโอ, ติดต่อสื่อสาร / ประชุมงาน, โซเชียลมีเดีย","Facebook, Facebook Messenger",1 - 3 ชั่วโมง,จำเป็นมากที่สุด,Samsung,ราคา,5,ไม่สามารถสัมผัสหรือลองสินค้าได้จริง,"15,001 - 20,000 บาท",พนักงานข้าราชการ
หญิง,33-40 ปี,สมรส,"ถ่ายรูป ถ่ายวีดีโอ, ติดต่อสื่อสาร / ประชุมงาน, โซเชียลมีเดีย","Facebook, Facebook Messenger",1 - 3 ชั่วโมง,จำเป็นมากที่สุด,Samsung,ราคา,5,ไม่สามารถสัมผัสหรือลองสินค้าได้จริง,"15,001 - 20,000 บาท",พนักงานข้าราชการ
หญิง,33-40 ปี,สมรส,"ถ่ายรูป ถ่ายวีดีโอ, ติดต่อสื่อสาร / ประชุมงาน, โซเชียลมีเดีย","Facebook, Facebook Messenger",1 - 3 ชั่วโมง,จำเป็นมากที่สุด,Samsung,ราคา,5,ไม่สามารถสัมผัสหรือลองสินค้าได้จริง,"15,001 - 20,000 บาท",พนักงานข้าราชการ
หญิง,33-40 ปี,สมรส,"ถ่ายรูป ถ่ายวีดีโอ, ติดต่อสื่อสาร / ประชุมงาน, โซเชียลมีเดีย","Facebook, Facebook Messenger",1 - 3 ชั่วโมง,จำเป็นมากที่สุด,Samsung,ราคา,5,ไม่สามารถสัมผัสหรือลองสินค้าได้จริง,"15,001 - 20,000 บาท",พนักงานข้าราชการ
หญิง,33-40 ปี,สมรส,"ถ่ายรูป ถ่ายวีดีโอ, ติดต่อสื่อสาร / ประชุมงาน, โซเชียลมีเดีย","Facebook, Facebook Messenger",1 - 3 ชั่วโมง,จำเป็นมากที่สุด,Samsung,ราคา,5,ไม่สามารถสัมผัสหรือลองสินค้าได้จริง,"15,001 - 20,000 บาท",พนักงานข้าราชการ
หญิง,33-40 ปี,สมรส,"ถ่ายรูป ถ่ายวีดีโอ, ติดต่อสื่อสาร / ประชุมงาน, โซเชียลมีเดีย","Facebook, Facebook Messenger",1 - 3 ชั่วโมง,จำเป็นมากที่สุด,Samsung,ราคา,5,ไม่สามารถสัมผัสหรือลองสินค้าได้จริง,"15,001 - 20,000 บาท",พนักงานข้าราชการ
หญิง,33-40 ปี,สมรส,"ถ่ายรูป ถ่ายวีดีโอ, ติดต่อสื่อสาร / ประชุมงาน, โซเชียลมีเดีย","Facebook, Facebook Messenger",1 - 3 ชั่วโมง,จำเป็นมากที่สุด,Samsung,ราคา,5,ไม่สามารถสัมผัสหรือลองสินค้าได้จริง,"15,001 - 20,000 บาท",พนักงานข้าราชการ
หญิง,33-40 ปี,สมรส,"ถ่ายรูป ถ่ายวีดีโอ, ติดต่อสื่อสาร / ประชุมงาน, โซเชียลมีเดีย","Facebook, Facebook Messenger",1 - 3 ชั่วโมง,จำเป็นมากที่สุด,Samsung,ราคา,5,ไม่สามารถสัมผัสหรือลองสินค้าได้จริง,"15,001 - 20,000 บาท",พนักงานข้าราชการ
หญิง,33-40 ปี,สมรส,"ถ่ายรูป ถ่ายวีดีโอ, ติดต่อสื่อสาร / ประชุมงาน, โซเชียลมีเดีย","Facebook, Facebook Messenger",1 - 3 ชั่วโมง,จำเป็นมากที่สุด,Samsung,ราคา,5,ไม่สามารถสัมผัสหรือลองสินค้าได้จริง,"15,001 - 20,000 บาท",พนักงานข้าราชการ
หญิง,33-40 ปี,สมรส,"ถ่ายรูป ถ่ายวีดีโอ, ติดต่อสื่อสาร / ประชุมงาน, โซเชียลมีเดีย","Facebook, Facebook Messenger",1 - 3 ชั่วโมง,จำเป็นมากที่สุด,Samsung,ราคา,5,ไม่สามารถสัมผัสหรือลองสินค้าได้จริง,"15,001 - 20,000 บาท",พนักงานข้าราชการ
หญิง,33-40 ปี,สมรส,"ถ่ายรูป ถ่ายวีดีโอ, ติดต่อสื่อสาร / ประชุมงาน, โซเชียลมีเดีย","Facebook, Facebook Messenger",1 - 3 ชั่วโมง,จำเป็นมากที่สุด,Samsung,ราคา,5,ไม่สามารถสัมผัสหรือลองสินค้าได้จริง,"15,001 - 20,000 บาท",พนักงานข้าราชการ
หญิง,26-32 ปี,โสด,"ดูหนัง / ฟังเพลง, เล่นเกม, ถ่ายรูป ถ่ายวีดีโอ","Instagram, Facebook, YouTube, TikTok",3 - 5 ชั่วโมง,จำเป็นมากที่สุด,Oppo,ราคา,5,ความกังวลเกี่ยวกับความปลอดภัยของการชำระเงิน,"น้อยกว่า 15,000 บาท",พนักงานโรงงานอุตสาหกรรม
หญิง,26-32 ปี,โสด,"ดูหนัง / ฟังเพลง, เล่นเกม, ถ่ายรูป ถ่ายวีดีโอ","Instagram, Facebook, YouTube, TikTok",3 - 5 ชั่วโมง,จำเป็นมากที่สุด,Oppo,ราคา,5,ความกังวลเกี่ยวกับความปลอดภัยของการชำระเงิน,"น้อยกว่า 15,000 บาท",พนักงานโรงงานอุตสาหกรรม
หญิง,26-32 ปี,โสด,"ดูหนัง / ฟังเพลง, เล่นเกม, ถ่ายรูป ถ่ายวีดีโอ","Instagram, Facebook, YouTube, TikTok",3 - 5 ชั่วโมง,จำเป็นมากที่สุด,Oppo,ราคา,5,ความกังวลเกี่ยวกับความปลอดภัยของการชำระเงิน,"น้อยกว่า 15,000 บาท",พนักงานโรงงานอุตสาหกรรม
หญิง,26-32 ปี,โสด,"ดูหนัง / ฟังเพลง, เล่นเกม, ถ่ายรูป ถ่ายวีดีโอ","Instagram, Facebook, YouTube, TikTok",3 - 5 ชั่วโมง,จำเป็นมากที่สุด,Oppo,ราคา,5,ความกังวลเกี่ยวกับความปลอดภัยของการชำระเงิน,"น้อยกว่า 15,000 บาท",พนักงานโรงงานอุตสาหกรรม
หญิง,26-32 ปี,โสด,"ดูหนัง / ฟังเพลง, เล่นเกม, ถ่ายรูป ถ่ายวีดีโอ","Instagram, Facebook, YouTube, TikTok",3 - 5 ชั่วโมง,จำเป็นมากที่สุด,Oppo,ราคา,5,ความกังวลเกี่ยวกับความปลอดภัยของการชำระเงิน,"น้อยกว่า 15,000 บาท",พนักงานโรงงานอุตสาหกรรม
หญิง,26-32 ปี,โสด,"ดูหนัง / ฟังเพลง, เล่นเกม, ถ่ายรูป ถ่ายวีดีโอ","Instagram, Facebook, YouTube, TikTok",3 - 5 ชั่วโมง,จำเป็นมากที่สุด,Oppo,ราคา,5,ความกังวลเกี่ยวกับความปลอดภัยของการชำระเงิน,"น้อยกว่า 15,000 บาท",พนักงานโรงงานอุตสาหกรรม
หญิง,26-32 ปี,โสด,"ดูหนัง / ฟังเพลง, เล่นเกม, ถ่ายรูป ถ่ายวีดีโอ","Instagram, Facebook, YouTube, TikTok",3 - 5 ชั่วโมง,จำเป็นมากที่สุด,Oppo,ราคา,5,ความกังวลเกี่ยวกับความปลอดภัยของการชำระเงิน,"น้อยกว่า 15,000 บาท",พนักงานโรงงานอุตสาหกรรม
หญิง,26-32 ปี,โสด,"ดูหนัง / ฟังเพลง, เล่นเกม, ถ่ายรูป ถ่ายวีดีโอ","Instagram, Facebook, YouTube, TikTok",3 - 5 ชั่วโมง,จำเป็นมากที่สุด,Oppo,ราคา,5,ความกังวลเกี่ยวกับความปลอดภัยของการชำระเงิน,"น้อยกว่า 15,000 บาท",พนักงานโรงงานอุตสาหกรรม
หญิง,26-32 ปี,โสด,"ดูหนัง / ฟังเพลง, เล่นเกม, ถ่ายรูป ถ่ายวีดีโอ","Instagram, Facebook, YouTube, TikTok",3 - 5 ชั่วโมง,จำเป็นมากที่สุด,Oppo,ราคา,5,ความกังวลเกี่ยวกับความปลอดภัยของการชำระเงิน,"น้อยกว่า 15,000 บาท",พนักงานโรงงานอุตสาหกรรม
หญิง,26-32 ปี,โสด,"ดูหนัง / ฟังเพลง, เล่นเกม, ถ่ายรูป ถ่ายวีดีโอ","Instagram, Facebook, YouTube, TikTok",3 - 5 ชั่วโมง,จำเป็นมากที่สุด,Oppo,ราคา,5,ความกังวลเกี่ยวกับความปลอดภัยของการชำระเงิน,"น้อยกว่า 15,000 บาท",พนักงานโรงงานอุตสาหกรรม
หญิง,26-32 ปี,โสด,"ดูหนัง / ฟังเพลง, เล่นเกม, ถ่ายรูป ถ่ายวีดีโอ","Instagram, Facebook, YouTube, TikTok",3 - 5 ชั่วโมง,จำเป็นมากที่สุด,Oppo,ราคา,5,ความกังวลเกี่ยวกับความปลอดภัยของการชำระเงิน,"น้อยกว่า 15,000 บาท",พนักงานโรงงานอุตสาหกรรม
หญิง,26-32 ปี,โสด,"ดูหนัง / ฟังเพลง, เล่นเกม, ถ่ายรูป ถ่ายวีดีโอ","Instagram, Facebook, YouTube, TikTok",3 - 5 ชั่วโมง,จำเป็นมากที่สุด,Oppo,ราคา,5,ความกังวลเกี่ยวกับความปลอดภัยของการชำระเงิน,"น้อยกว่า 15,000 บาท",พนักงานโรงงานอุตสาหกรรม
หญิง,26-32 ปี,โสด,"ดูหนัง / ฟังเพลง, เล่นเกม, ถ่ายรูป ถ่ายวีดีโอ","Instagram, Facebook, YouTube, TikTok",3 - 5 ชั่วโมง,จำเป็นมากที่สุด,Oppo,ราคา,5,ความกังวลเกี่ยวกับความปลอดภัยของการชำระเงิน,"น้อยกว่า 15,000 บาท",พนักงานโรงงานอุตสาหกรรม
หญิง,26-32 ปี,โสด,"ดูหนัง / ฟังเพลง, เล่นเกม, ถ่ายรูป ถ่ายวีดีโอ","Instagram, Facebook, YouTube, TikTok",3 - 5 ชั่วโมง,จำเป็นมากที่สุด,Oppo,ราคา,5,ความกังวลเกี่ยวกับความปลอดภัยของการชำระเงิน,"น้อยกว่า 15,000 บาท",พนักงานโรงงานอุตสาหกรรม
หญิง,26-32 ปี,โสด,"ดูหนัง / ฟังเพลง, เล่นเกม, ถ่ายรูป ถ่ายวีดีโอ","Instagram, Facebook, YouTube, TikTok",3 - 5 ชั่วโมง,จำเป็นมากที่สุด,Oppo,ราคา,5,ความกังวลเกี่ยวกับความปลอดภัยของการชำระเงิน,"น้อยกว่า 15,000 บาท",พนักงานโรงงานอุตสาหกรรม
หญิง,26-32 ปี,โสด,"ดูหนัง / ฟังเพลง, เล่นเกม, ถ่ายรูป ถ่ายวีดีโอ","Instagram, Facebook, YouTube, TikTok",3 - 5 ชั่วโมง,จำเป็นมากที่สุด,Oppo,ราคา,5,ความกังวลเกี่ยวกับความปลอดภัยของการชำระเงิน,"น้อยกว่า 15,000 บาท",พนักงานโรงงานอุตสาหกรรม
หญิง,26-32 ปี,โสด,"ดูหนัง / ฟังเพลง, เล่นเกม, ถ่ายรูป ถ่ายวีดีโอ","Instagram, Facebook, YouTube, TikTok",3 - 5 ชั่วโมง,จำเป็นมากที่สุด,Oppo,ราคา,5,ความกังวลเกี่ยวกับความปลอดภัยของการชำระเงิน,"น้อยกว่า 15,000 บาท",พนักงานโรงงานอุตสาหกรรม
หญิง,26-32 ปี,โสด,"ดูหนัง / ฟังเพลง, เล่นเกม, ถ่ายรูป ถ่ายวีดีโอ","Instagram, Facebook, YouTube, TikTok",3 - 5 ชั่วโมง,จำเป็นมากที่สุด,Oppo,ราคา,5,ความกังวลเกี่ยวกับความปลอดภัยของการชำระเงิน,"น้อยกว่า 15,000 บาท",พนักงานโรงงานอุตสาหกรรม
หญิง,26-32 ปี,โสด,"ดูหนัง / ฟังเพลง, เล่นเกม, ถ่ายรูป ถ่ายวีดีโอ","Instagram, Facebook, YouTube, TikTok",3 - 5 ชั่วโมง,จำเป็นมากที่สุด,Oppo,ราคา,5,ความกังวลเกี่ยวกับความปลอดภัยของการชำระเงิน,"น้อยกว่า 15,000 บาท",พนักงานโรงงานอุตสาหกรรม
หญิง,26-32 ปี,โสด,"ดูหนัง / ฟังเพลง, เล่นเกม, ถ่ายรูป ถ่ายวีดีโอ","Instagram, Facebook, YouTube, TikTok",3 - 5 ชั่วโมง,จำเป็นมากที่สุด,Oppo,ราคา,5,ความกังวลเกี่ยวกับความปลอดภัยของการชำระเงิน,"น้อยกว่า 15,000 บาท",พนักงานโรงงานอุตสาหกรรม
หญิง,26-32 ปี,โสด,"ดูหนัง / ฟังเพลง, เล่นเกม, ถ่ายรูป ถ่ายวีดีโอ","Instagram, Facebook, YouTube, TikTok",3 - 5 ชั่วโมง,จำเป็นมากที่สุด,Oppo,ราคา,5,ความกังวลเกี่ยวกับความปลอดภัยของการชำระเงิน,"น้อยกว่า 15,000 บาท",พนักงานโรงงานอุตสาหกรรม
ชาย,18-25 ปี,โสด,"ดูหนัง / ฟังเพลง, เล่นเกม, โซเชียลมีเดีย","Instagram, Facebook, YouTube, Facebook Messenger, Spotify, TikTok",มากกว่า 5 ชั่วโมง,จำเป็นมากที่สุด,infinix,ฟีเจอร์สินค้า,4,ความไม่แน่นอนเกี่ยวกับการรับประกันและการบริการหลังการขาย,"น้อยกว่า 15,000 บาท",นักเรียน / นักศึกษา
ชาย,60 ปีขึ้นไป,แยกกันอยู่,"เล่นเกม, ถ่ายรูป ถ่ายวีดีโอ","Instagram, Facebook, YouTube, Snapchat, Facebook Messenger, Spotify, WhatsApp, TikTok, Telegram",มากกว่า 5 ชั่วโมง,ไม่จำเป็น,Apple,ฟีเจอร์สินค้า,4,ความล่าช้าในการจัดส่งหรือปัญหาในการจัดส่ง,"มากกว่า 50,001 บาทขึ้นไป",นักเรียน / นักศึกษา
หญิง,26-32 ปี,โสด,"ดูหนัง / ฟังเพลง, เล่นเกม, ถ่ายรูป ถ่ายวีดีโอ","Instagram, Facebook, YouTube, TikTok",3 - 5 ชั่วโมง,จำเป็นมากที่สุด,Oppo,ราคา,5,ความกังวลเกี่ยวกับความปลอดภัยของการชำระเงิน,"น้อยกว่า 15,000 บาท",พนักงานโรงงานอุตสาหกรรม
หญิง,26-32 ปี,โสด,"ดูหนัง / ฟังเพลง, เล่นเกม, ถ่ายรูป ถ่ายวีดีโอ","Instagram, Facebook, YouTube, TikTok",3 - 5 ชั่วโมง,จำเป็นมากที่สุด,Oppo,ราคา,5,ความกังวลเกี่ยวกับความปลอดภัยของการชำระเงิน,"น้อยกว่า 15,000 บาท",พนักงานโรงงานอุตสาหกรรม
หญิง,26-32 ปี,โสด,"ดูหนัง / ฟังเพลง, เล่นเกม, ถ่ายรูป ถ่ายวีดีโอ","Instagram, Facebook, YouTube, TikTok",3 - 5 ชั่วโมง,จำเป็นมากที่สุด,Oppo,ราคา,5,ความกังวลเกี่ยวกับความปลอดภัยของการชำระเงิน,"น้อยกว่า 15,000 บาท",พนักงานโรงงานอุตสาหกรรม
หญิง,26-32 ปี,โสด,"ดูหนัง / ฟังเพลง, เล่นเกม, ถ่ายรูป ถ่ายวีดีโอ","Instagram, Facebook, YouTube, TikTok",3 - 5 ชั่วโมง,จำเป็นมากที่สุด,Oppo,ราคา,5,ความกังวลเกี่ยวกับความปลอดภัยของการชำระเงิน,"น้อยกว่า 15,000 บาท",พนักงานโรงงานอุตสาหกรรม
หญิง,26-32 ปี,โสด,"ดูหนัง / ฟังเพลง, เล่นเกม, ถ่ายรูป ถ่ายวีดีโอ","Instagram, Facebook, YouTube, TikTok",3 - 5 ชั่วโมง,จำเป็นมากที่สุด,Oppo,ราคา,5,ความกังวลเกี่ยวกับความปลอดภัยของการชำระเงิน,"น้อยกว่า 15,000 บาท",พนักงานโรงงานอุตสาหกรรม
หญิง,26-32 ปี,โสด,"ดูหนัง / ฟังเพลง, เล่นเกม, ถ่ายรูป ถ่ายวีดีโอ","Instagram, Facebook, YouTube, TikTok",3 - 5 ชั่วโมง,จำเป็นมากที่สุด,Oppo,ราคา,5,ความกังวลเกี่ยวกับความปลอดภัยของการชำระเงิน,"น้อยกว่า 15,000 บาท",พนักงานโรงงานอุตสาหกรรม
หญิง,26-32 ปี,โสด,"ดูหนัง / ฟังเพลง, เล่นเกม, ถ่ายรูป ถ่ายวีดีโอ","Instagram, Facebook, YouTube, TikTok",3 - 5 ชั่วโมง,จำเป็นมากที่สุด,Oppo,ราคา,5,ความกังวลเกี่ยวกับความปลอดภัยของการชำระเงิน,"น้อยกว่า 15,000 บาท",พนักงานโรงงานอุตสาหกรรม
หญิง,26-32 ปี,โสด,"ดูหนัง / ฟังเพลง, เล่นเกม, ถ่ายรูป ถ่ายวีดีโอ","Instagram, Facebook, YouTube, TikTok",3 - 5 ชั่วโมง,จำเป็นมากที่สุด,Oppo,ราคา,5,ความกังวลเกี่ยวกับความปลอดภัยของการชำระเงิน,"น้อยกว่า 15,000 บาท",พนักงานโรงงานอุตสาหกรรม
หญิง,26-32 ปี,โสด,"ดูหนัง / ฟังเพลง, เล่นเกม, ถ่ายรูป ถ่ายวีดีโอ","Instagram, Facebook, YouTube, TikTok",3 - 5 ชั่วโมง,จำเป็นมากที่สุด,Oppo,ราคา,5,ความกังวลเกี่ยวกับความปลอดภัยของการชำระเงิน,"น้อยกว่า 15,000 บาท",พนักงานโรงงานอุตสาหกรรม
หญิง,26-32 ปี,โสด,"ดูหนัง / ฟังเพลง, เล่นเกม, ถ่ายรูป ถ่ายวีดีโอ","Instagram, Facebook, YouTube, TikTok",3 - 5 ชั่วโมง,จำเป็นมากที่สุด,Oppo,ราคา,5,ความกังวลเกี่ยวกับความปลอดภัยของการชำระเงิน,"น้อยกว่า 15,000 บาท",พนักงานโรงงานอุตสาหกรรม
หญิง,26-32 ปี,โสด,"ดูหนัง / ฟังเพลง, เล่นเกม, ถ่ายรูป ถ่ายวีดีโอ","Instagram, Facebook, YouTube, TikTok",3 - 5 ชั่วโมง,จำเป็นมากที่สุด,Oppo,ราคา,5,ความกังวลเกี่ยวกับความปลอดภัยของการชำระเงิน,"น้อยกว่า 15,000 บาท",พนักงานโรงงานอุตสาหกรรม
ชาย,18-25 ปี,นักเรียน / นักศึกษา,"ดูหนัง / ฟังเพลง, เล่นเกม, ถ่ายรูป ถ่ายวีดีโอ",TikTok,0 - 1 ชั่วโมง,จำเป็นมากที่สุด,Apple,ราคา,5,ความกังวลเกี่ยวกับความปลอดภัยของการชำระเงิน,"น้อยกว่า 15,000 บาท",นักเรียน / นักศึกษา
หญิง,18-25 ปี,นักเรียน / นักศึกษา,"ดูหนัง / ฟังเพลง, เล่นเกม, ถ่ายรูป ถ่ายวีดีโอ",Instagram,มากกว่า 5 ชั่วโมง,จำเป็นมากที่สุด,Apple,ฟีเจอร์สินค้า,4,ความกังวลเกี่ยวกับความปลอดภัยของการชำระเงิน,"น้อยกว่า 15,000 บาท",นักเรียน / นักศึกษา
หญิง,18-25 ปี,โสด,"ติดต่อสื่อสาร / ประชุมงาน, โซเชียลมีเดีย",Instagram,1 - 3 ชั่วโมง,จำเป็น,Apple,ฟีเจอร์สินค้า,4,ความไม่แน่นอนเกี่ยวกับการรับประกันและการบริการหลังการขาย,"15,001 - 20,000 บาท",นักเรียน / นักศึกษา
หญิง,18-25 ปี,โสด,"ติดต่อสื่อสาร / ประชุมงาน, โซเชียลมีเดีย",Instagram,1 - 3 ชั่วโมง,จำเป็น,Apple,ฟีเจอร์สินค้า,4,ไม่สามารถสัมผัสหรือลองสินค้าได้จริง,"15,001 - 20,000 บาท",นักเรียน / นักศึกษา
Lgbtq+,18-25 ปี,โสด,"ดูหนัง / ฟังเพลง, ถ่ายรูป ถ่ายวีดีโอ, โซเชียลมีเดีย",Instagram,3 - 5 ชั่วโมง,จำเป็นมากที่สุด,XIAOMI,รีวิวสินค้า,4,ไม่สามารถสัมผัสหรือลองสินค้าได้จริง,"น้อยกว่า 15,000 บาท",นักเรียน / นักศึกษา
หญิง,18-25 ปี,โสด,"ดูหนัง / ฟังเพลง, เล่นเกม, ติดต่อสื่อสาร / ประชุมงาน",TikTok,มากกว่า 5 ชั่วโมง,จำเป็นมากที่สุด,Samsung,ราคา,5,ความไม่แน่นอนเกี่ยวกับการรับประกันและการบริการหลังการขาย,"น้อยกว่า 15,000 บาท",นักเรียน / นักศึกษา
หญิง,18-25 ปี,โสด,"ดูหนัง / ฟังเพลง, ติดต่อสื่อสาร / ประชุมงาน, โซเชียลมีเดีย",Facebook Messenger,มากกว่า 5 ชั่วโมง,จำเป็นมากที่สุด,Samsung,รีวิวสินค้า,5,ไม่สามารถสัมผัสหรือลองสินค้าได้จริง,"น้อยกว่า 15,000 บาท",นักเรียน / นักศึกษา
หญิง,18-25 ปี,โสด,"ดูหนัง / ฟังเพลง, เล่นเกม, Appication บน cloud",Instagram,3 - 5 ชั่วโมง,จำเป็น,Samsung,ฟีเจอร์สินค้า,3,ความกังวลเกี่ยวกับความปลอดภัยของการชำระเงิน,"น้อยกว่า 15,000 บาท",นักเรียน / นักศึกษา
หญิง,18-25 ปี,โสด,"Appication บน cloud, ติดต่อสื่อสาร / ประชุมงาน, โซเชียลมีเดีย",Facebook Messenger,1 - 3 ชั่วโมง,จำเป็น,Apple,รีวิวสินค้า,3,ความกังวลเกี่ยวกับความปลอดภัยของการชำระเงิน,"น้อยกว่า 15,000 บาท",นักเรียน / นักศึกษา
ชาย,18-25 ปี,โสด,ดูหนัง / ฟังเพลง,YouTube,1 - 3 ชั่วโมง,จำเป็น,Apple,ราคา,3,ความไม่แน่นอนเกี่ยวกับการรับประกันและการบริการหลังการขาย,"20,001 - 30,000 บาท",พนักงานบริษัทเอกชน
Lgbtq+,18-25 ปี,โสด,"ดูหนัง / ฟังเพลง, ถ่ายรูป ถ่ายวีดีโอ, โซเชียลมีเดีย",Instagram,3 - 5 ชั่วโมง,จำเป็นมากที่สุด,Apple,ฟีเจอร์สินค้า,5,ความไม่แน่นอนเกี่ยวกับการรับประกันและการบริการหลังการขาย,"20,001 - 30,000 บาท",นักเรียน / นักศึกษา
ชาย,18-25 ปี,โสด,"ดูหนัง / ฟังเพลง, เล่นเกม, โซเชียลมีเดีย",Instagram,มากกว่า 5 ชั่วโมง,จำเป็นมากที่สุด,Apple,ฟีเจอร์สินค้า,4,ไม่สามารถสัมผัสหรือลองสินค้าได้จริง,"น้อยกว่า 15,000 บาท",นักเรียน / นักศึกษา
หญิง,18-25 ปี,โสด,"ดูหนัง / ฟังเพลง, เล่นเกม, โซเชียลมีเดีย",Facebook,3 - 5 ชั่วโมง,จำเป็นมากที่สุด,Samsung,รีวิวสินค้า,4,ความไม่แน่นอนเกี่ยวกับการรับประกันและการบริการหลังการขาย,"น้อยกว่า 15,000 บาท",นักเรียน / นักศึกษา
ชาย,18-25 ปี,โสด,"ดูหนัง / ฟังเพลง, ถ่ายรูป ถ่ายวีดีโอ, ติดต่อสื่อสาร / ประชุมงาน",Instagram,3 - 5 ชั่วโมง,จำเป็นมากที่สุด,Apple,ฟีเจอร์สินค้า,4,ความไม่แน่นอนเกี่ยวกับการรับประกันและการบริการหลังการขาย,"15,001 - 20,000 บาท",นักเรียน / นักศึกษา
หญิง,18-25 ปี,โสด,"ดูหนัง / ฟังเพลง, โซเชียลมีเดีย",Facebook Messenger,มากกว่า 5 ชั่วโมง,จำเป็นมากที่สุด,Apple,ฟีเจอร์สินค้า,4,ไม่สามารถสัมผัสหรือลองสินค้าได้จริง,"น้อยกว่า 15,000 บาท",นักเรียน / นักศึกษา
หญิง,18-25 ปี,โสด,"ดูหนัง / ฟังเพลง, ถ่ายรูป ถ่ายวีดีโอ, โซเชียลมีเดีย",TikTok,มากกว่า 5 ชั่วโมง,จำเป็นมากที่สุด,Apple,ฟีเจอร์สินค้า,4,ความกังวลเกี่ยวกับความปลอดภัยของการชำระเงิน,"น้อยกว่า 15,000 บาท",นักเรียน / นักศึกษา
หญิง,18-25 ปี,โสด,"ดูหนัง / ฟังเพลง, เล่นเกม, โซเชียลมีเดีย",Instagram,3 - 5 ชั่วโมง,จำเป็นมากที่สุด,Apple,ฟีเจอร์สินค้า,5,ไม่สามารถสัมผัสหรือลองสินค้าได้จริง,"15,001 - 20,000 บาท",นักเรียน / นักศึกษา
ชาย,18-25 ปี,โสด,"ดูหนัง / ฟังเพลง, เล่นเกม, ถ่ายรูป ถ่ายวีดีโอ",Facebook,มากกว่า 5 ชั่วโมง,จำเป็นมากที่สุด,realme,ฟีเจอร์สินค้า,5,ความไม่แน่นอนเกี่ยวกับการรับประกันและการบริการหลังการขาย,"น้อยกว่า 15,000 บาท",นักเรียน / นักศึกษา
หญิง,18-25 ปี,โสด,"ดูหนัง / ฟังเพลง, เล่นเกม, ติดต่อสื่อสาร / ประชุมงาน",Instagram,มากกว่า 5 ชั่วโมง,จำเป็น,Apple,ฟีเจอร์สินค้า,3,ไม่สามารถสัมผัสหรือลองสินค้าได้จริง,"น้อยกว่า 15,000 บาท",นักเรียน / นักศึกษา
ชาย,18-25 ปี,โสด,"ดูหนัง / ฟังเพลง, เล่นเกม, โซเชียลมีเดีย",YouTube,3 - 5 ชั่วโมง,จำเป็น,Samsung,ฟีเจอร์สินค้า,1,ไม่สามารถสัมผัสหรือลองสินค้าได้จริง,"น้อยกว่า 15,000 บาท",นักเรียน / นักศึกษา
หญิง,18-25 ปี,โสด,"ดูหนัง / ฟังเพลง, ถ่ายรูป ถ่ายวีดีโอ, ติดต่อสื่อสาร / ประชุมงาน",TikTok,3 - 5 ชั่วโมง,จำเป็นมากที่สุด,Vivo,ฟีเจอร์สินค้า,4,ความไม่แน่นอนเกี่ยวกับการรับประกันและการบริการหลังการขาย,"น้อยกว่า 15,000 บาท",นักเรียน / นักศึกษา
ชาย,18-25 ปี,โสด,"ดูหนัง / ฟังเพลง, เล่นเกม, โซเชียลมีเดีย",YouTube,3 - 5 ชั่วโมง,จำเป็นมากที่สุด,Apple,รีวิวสินค้า,5,ความไม่แน่นอนเกี่ยวกับการรับประกันและการบริการหลังการขาย,"น้อยกว่า 15,000 บาท",นักเรียน / นักศึกษา
ชาย,18-25 ปี,โสด,"ดูหนัง / ฟังเพลง, เล่นเกม, โซเชียลมีเดีย",Facebook,มากกว่า 5 ชั่วโมง,จำเป็นมากที่สุด,Redmi,ราคา,5,ความล่าช้าในการจัดส่งหรือปัญหาในการจัดส่ง,"น้อยกว่า 15,000 บาท",นักเรียน / นักศึกษา
ชาย,18-25 ปี,โสด,เล่นเกม,Instagram,มากกว่า 5 ชั่วโมง,จำเป็น,Apple,ฟีเจอร์สินค้า,5,ความกังวลเกี่ยวกับความปลอดภัยของการชำระเงิน,"มากกว่า 50,001 บาทขึ้นไป",นักเรียน / นักศึกษา
ชาย,18-25 ปี,โสด,"ดูหนัง / ฟังเพลง, ติดต่อสื่อสาร / ประชุมงาน, โซเชียลมีเดีย",YouTube,3 - 5 ชั่วโมง,จำเป็นมากที่สุด,Vivo,ฟีเจอร์สินค้า,4,ความไม่แน่นอนเกี่ยวกับการรับประกันและการบริการหลังการขาย,"น้อยกว่า 15,000 บาท",นักเรียน / นักศึกษา
ชาย,18-25 ปี,โสด,"ดูหนัง / ฟังเพลง, เล่นเกม, โซเชียลมีเดีย",YouTube,มากกว่า 5 ชั่วโมง,จำเป็นมากที่สุด,Oppo,ราคา,3,ความล่าช้าในการจัดส่งหรือปัญหาในการจัดส่ง,"น้อยกว่า 15,000 บาท",นักเรียน / นักศึกษา
ชาย,18-25 ปี,โสด,"ดูหนัง / ฟังเพลง, ถ่ายรูป ถ่ายวีดีโอ, ติดต่อสื่อสาร / ประชุมงาน",Facebook,มากกว่า 5 ชั่วโมง,จำเป็นมากที่สุด,Samsung,รีวิวสินค้า,4,ความไม่แน่นอนเกี่ยวกับการรับประกันและการบริการหลังการขาย,"น้อยกว่า 15,000 บาท",นักเรียน / นักศึกษา
ชาย,18-25 ปี,โสด,"เล่นเกม, ถ่ายรูป ถ่ายวีดีโอ, Appication บน cloud",Telegram,มากกว่า 5 ชั่วโมง,จำเป็น,Oppo,ราคา,4,ความไม่แน่นอนเกี่ยวกับการรับประกันและการบริการหลังการขาย,"น้อยกว่า 15,000 บาท",นักเรียน / นักศึกษา
ชาย,18-25 ปี,โสด,"ดูหนัง / ฟังเพลง, ติดต่อสื่อสาร / ประชุมงาน, โซเชียลมีเดีย",YouTube,3 - 5 ชั่วโมง,จำเป็น,Samsung,ฟีเจอร์สินค้า,4,ไม่สามารถสัมผัสหรือลองสินค้าได้จริง,"15,001 - 20,000 บาท",นักเรียน / นักศึกษา
ชาย,18-25 ปี,โสด,"ดูหนัง / ฟังเพลง, เล่นเกม, ติดต่อสื่อสาร / ประชุมงาน",Facebook,3 - 5 ชั่วโมง,จำเป็น,Oppo,ฟีเจอร์สินค้า,3,ไม่สามารถสัมผัสหรือลองสินค้าได้จริง,"น้อยกว่า 15,000 บาท",นักเรียน / นักศึกษา
ชาย,18-25 ปี,โสด,"ดูหนัง / ฟังเพลง, เล่นเกม, ติดต่อสื่อสาร / ประชุมงาน",YouTube,มากกว่า 5 ชั่วโมง,จำเป็น,Vivo,ราคา,4,ความไม่แน่นอนเกี่ยวกับการรับประกันและการบริการหลังการขาย,"น้อยกว่า 15,000 บาท",นักเรียน / นักศึกษา
ชาย,18-25 ปี,โสด,"ดูหนัง / ฟังเพลง, เล่นเกม, Appication บน cloud",YouTube,มากกว่า 5 ชั่วโมง,จำเป็น,Apple,ฟีเจอร์สินค้า,4,ความไม่แน่นอนเกี่ยวกับการรับประกันและการบริการหลังการขาย,"น้อยกว่า 15,000 บาท",นักเรียน / นักศึกษา
หญิง,18-25 ปี,โสด,"ดูหนัง / ฟังเพลง, ติดต่อสื่อสาร / ประชุมงาน, โซเชียลมีเดีย",Facebook Messenger,3 - 5 ชั่วโมง,จำเป็น,Apple,รีวิวสินค้า,4,ความล่าช้าในการจัดส่งหรือปัญหาในการจัดส่ง,"น้อยกว่า 15,000 บาท",นักเรียน / นักศึกษา
หญิง,18-25 ปี,โสด,"ดูหนัง / ฟังเพลง, โซเชียลมีเดีย",YouTube,มากกว่า 5 ชั่วโมง,จำเป็น,Apple,ฟีเจอร์สินค้า,4,ความไม่แน่นอนเกี่ยวกับการรับประกันและการบริการหลังการขาย,"น้อยกว่า 15,000 บาท",นักเรียน / นักศึกษา
ชาย,26-32 ปี,สมรส,เล่นเกม,YouTube,มากกว่า 5 ชั่วโมง,จำเป็นมากที่สุด,Apple,ราคา,5,ไม่สามารถสัมผัสหรือลองสินค้าได้จริง,"30,001 - 40,000 บาท",เจ้าของธุรกิจ/ธุรกิจส่วนตัว
หญิง,18-25 ปี,โสด,"เล่นเกม, ถ่ายรูป ถ่ายวีดีโอ, โซเชียลมีเดีย",Instagram,มากกว่า 5 ชั่วโมง,จำเป็น,Samsung,รีวิวสินค้า,5,ความล่าช้าในการจัดส่งหรือปัญหาในการจัดส่ง,"น้อยกว่า 15,000 บาท",นักเรียน / นักศึกษา
ชาย,18-25 ปี,โสด,"ดูหนัง / ฟังเพลง, เล่นเกม",Instagram,มากกว่า 5 ชั่วโมง,จำเป็นมากที่สุด,Vivo,ราคา,5,ความล่าช้าในการจัดส่งหรือปัญหาในการจัดส่ง,"น้อยกว่า 15,000 บาท",นักเรียน / นักศึกษา
ชาย,18-25 ปี,โสด,"ดูหนัง / ฟังเพลง, เล่นเกม, โซเชียลมีเดีย",Instagram,3 - 5 ชั่วโมง,จำเป็นมากที่สุด,XIAOMI,รีวิวสินค้า,4,ความกังวลเกี่ยวกับความปลอดภัยของการชำระเงิน,"น้อยกว่า 15,000 บาท",นักเรียน / นักศึกษา
ชาย,18-25 ปี,โสด,ดูหนัง / ฟังเพลง,YouTube,3 - 5 ชั่วโมง,จำเป็นมากที่สุด,XIAOMI,ราคา,3,ความกังวลเกี่ยวกับความปลอดภัยของการชำระเงิน,"น้อยกว่า 15,000 บาท",นักเรียน / นักศึกษา
หญิง,18-25 ปี,โสด,"ดูหนัง / ฟังเพลง, เล่นเกม, ถ่ายรูป ถ่ายวีดีโอ",YouTube,มากกว่า 5 ชั่วโมง,จำเป็นมากที่สุด,XIAOMI,รีวิวสินค้า,3,ไม่สามารถสัมผัสหรือลองสินค้าได้จริง,"น้อยกว่า 15,000 บาท",นักเรียน / นักศึกษา
หญิง,18-25 ปี,โสด,"ดูหนัง / ฟังเพลง, เล่นเกม, โซเชียลมีเดีย",YouTube,มากกว่า 5 ชั่วโมง,จำเป็นมากที่สุด,Apple,ฟีเจอร์สินค้า,4,ความไม่แน่นอนเกี่ยวกับการรับประกันและการบริการหลังการขาย,"น้อยกว่า 15,000 บาท",นักเรียน / นักศึกษา
หญิง,18-25 ปี,โสด,"ดูหนัง / ฟังเพลง, ถ่ายรูป ถ่ายวีดีโอ, โซเชียลมีเดีย",TikTok,3 - 5 ชั่วโมง,จำเป็นมากที่สุด,Apple,รีวิวสินค้า,3,ความไม่แน่นอนเกี่ยวกับการรับประกันและการบริการหลังการขาย,"น้อยกว่า 15,000 บาท",นักเรียน / นักศึกษา
ชาย,18-25 ปี,โสด,"ดูหนัง / ฟังเพลง, เล่นเกม, โซเชียลมีเดีย",TikTok,มากกว่า 5 ชั่วโมง,จำเป็นมากที่สุด,Samsung,ฟีเจอร์สินค้า,5,ความกังวลเกี่ยวกับความปลอดภัยของการชำระเงิน,"น้อยกว่า 15,000 บาท",นักเรียน / นักศึกษา
ชาย,18-25 ปี,โสด,"ดูหนัง / ฟังเพลง, เล่นเกม, โซเชียลมีเดีย",Facebook,3 - 5 ชั่วโมง,จำเป็นมากที่สุด,Apple,ราคา,5,ความไม่แน่นอนเกี่ยวกับการรับประกันและการบริการหลังการขาย,"น้อยกว่า 15,000 บาท",นักเรียน / นักศึกษา
หญิง,18-25 ปี,โสด,"ดูหนัง / ฟังเพลง, ติดต่อสื่อสาร / ประชุมงาน, โซเชียลมีเดีย","Instagram, YouTube, TikTok",มากกว่า 5 ชั่วโมง,จำเป็นมากที่สุด,Apple,ฟีเจอร์สินค้า,5,ไม่สามารถสัมผัสหรือลองสินค้าได้จริง,"น้อยกว่า 15,000 บาท",นักเรียน / นักศึกษา
หญิง,18-25 ปี,โสด,"Appication บน cloud, ติดต่อสื่อสาร / ประชุมงาน, โซเชียลมีเดีย","Instagram, YouTube, Facebook Messenger, TikTok",มากกว่า 5 ชั่วโมง,จำเป็นมากที่สุด,Apple,รีวิวสินค้า,5,ไม่สามารถสัมผัสหรือลองสินค้าได้จริง,"น้อยกว่า 15,000 บาท",นักเรียน / นักศึกษา
หญิง,18-25 ปี,โสด,"ดูหนัง / ฟังเพลง, ถ่ายรูป ถ่ายวีดีโอ, Appication บน cloud","Instagram, TikTok",มากกว่า 5 ชั่วโมง,จำเป็น,Apple,ฟีเจอร์สินค้า,4,ความกังวลเกี่ยวกับความปลอดภัยของการชำระเงิน,"น้อยกว่า 15,000 บาท",นักเรียน / นักศึกษา
หญิง,18-25 ปี,โสด,"ดูหนัง / ฟังเพลง, ถ่ายรูป ถ่ายวีดีโอ, ติดต่อสื่อสาร / ประชุมงาน","Instagram, YouTube, Spotify, Telegram",3 - 5 ชั่วโมง,จำเป็นมากที่สุด,Apple,ฟีเจอร์สินค้า,4,ไม่สามารถสัมผัสหรือลองสินค้าได้จริง,"น้อยกว่า 15,000 บาท",นักเรียน / นักศึกษา
หญิง,18-25 ปี,โสด,"Appication บน cloud, ติดต่อสื่อสาร / ประชุมงาน, โซเชียลมีเดีย","Instagram, Facebook, Facebook Messenger, TikTok",3 - 5 ชั่วโมง,จำเป็นมากที่สุด,Apple,ฟีเจอร์สินค้า,4,ความกังวลเกี่ยวกับความปลอดภัยของการชำระเงิน,"15,001 - 20,000 บาท",พนักงานข้าราชการ
ชาย,18-25 ปี,โสด,"ดูหนัง / ฟังเพลง, เล่นเกม, โซเชียลมีเดีย","Instagram, Facebook, YouTube, Facebook Messenger, TikTok",มากกว่า 5 ชั่วโมง,จำเป็น,Apple,ฟีเจอร์สินค้า,5,ไม่สามารถสัมผัสหรือลองสินค้าได้จริง,"น้อยกว่า 15,000 บาท",นักเรียน / นักศึกษา
ชาย,18-25 ปี,โสด,"ดูหนัง / ฟังเพลง, เล่นเกม","YouTube, TikTok",มากกว่า 5 ชั่วโมง,จำเป็นมากที่สุด,Samsung,ราคา,3,ความล่าช้าในการจัดส่งหรือปัญหาในการจัดส่ง,"น้อยกว่า 15,000 บาท",นักเรียน / นักศึกษา
ชาย,18-25 ปี,โสด,"ดูหนัง / ฟังเพลง, เล่นเกม, โซเชียลมีเดีย","Facebook, YouTube, Facebook Messenger, TikTok",3 - 5 ชั่วโมง,จำเป็นมากที่สุด,Oppo,ราคา,4,ความไม่แน่นอนเกี่ยวกับการรับประกันและการบริการหลังการขาย,"น้อยกว่า 15,000 บาท",นักเรียน / นักศึกษา
หญิง,26-32 ปี,สมรส,"ดูหนัง / ฟังเพลง, ติดต่อสื่อสาร / ประชุมงาน, โซเชียลมีเดีย","Instagram, Facebook, YouTube, Facebook Messenger",3 - 5 ชั่วโมง,จำเป็นมากที่สุด,Apple,ราคา,5,ไม่สามารถสัมผัสหรือลองสินค้าได้จริง,"20,001 - 30,000 บาท",เจ้าของธุรกิจ/ธุรกิจส่วนตัว
ชาย,18-25 ปี,โสด,"ดูหนัง / ฟังเพลง, เล่นเกม, ติดต่อสื่อสาร / ประชุมงาน","Instagram, Facebook, YouTube, Facebook Messenger, TikTok",0 - 1 ชั่วโมง,จำเป็น,XIAOMI,ฟีเจอร์สินค้า,5,ไม่สามารถสัมผัสหรือลองสินค้าได้จริง,"น้อยกว่า 15,000 บาท",นักเรียน / นักศึกษา
ชาย,18-25 ปี,โสด,"ดูหนัง / ฟังเพลง, ถ่ายรูป ถ่ายวีดีโอ, โซเชียลมีเดีย","Instagram, Facebook, YouTube, Facebook Messenger, Spotify, TikTok",1 - 3 ชั่วโมง,จำเป็น,Apple,รีวิวสินค้า,5,ไม่สามารถสัมผัสหรือลองสินค้าได้จริง,"น้อยกว่า 15,000 บาท",นักเรียน / นักศึกษา
ชาย,18-25 ปี,โสด,"ดูหนัง / ฟังเพลง, เล่นเกม, ถ่ายรูป ถ่ายวีดีโอ","Instagram, YouTube, Facebook Messenger, Spotify, TikTok",1 - 3 ชั่วโมง,จำเป็น,Realme,ฟีเจอร์สินค้า,5,ความไม่แน่นอนเกี่ยวกับการรับประกันและการบริการหลังการขาย,"น้อยกว่า 15,000 บาท",นักเรียน / นักศึกษา
ชาย,18-25 ปี,โสด,"ดูหนัง / ฟังเพลง, เล่นเกม","Instagram, Facebook, YouTube, Facebook Messenger, TikTok",มากกว่า 5 ชั่วโมง,จำเป็นมากที่สุด,Apple,ฟีเจอร์สินค้า,5,ไม่สามารถสัมผัสหรือลองสินค้าได้จริง,"น้อยกว่า 15,000 บาท",นักเรียน / นักศึกษา
ชาย,18-25 ปี,โสด,"ดูหนัง / ฟังเพลง, ติดต่อสื่อสาร / ประชุมงาน, โซเชียลมีเดีย","Instagram, Facebook, YouTube, Facebook Messenger, TikTok",1 - 3 ชั่วโมง,จำเป็นมากที่สุด,Apple,ราคา,4,ไม่สามารถสัมผัสหรือลองสินค้าได้จริง,"น้อยกว่า 15,000 บาท",นักเรียน / นักศึกษา
ชาย,18-25 ปี,โสด,"ดูหนัง / ฟังเพลง, เล่นเกม, โซเชียลมีเดีย","Instagram, Facebook, YouTube, Snapchat, Facebook Messenger, Spotify, TikTok",0 - 1 ชั่วโมง,จำเป็น,Apple,ราคา,4,ความไม่แน่นอนเกี่ยวกับการรับประกันและการบริการหลังการขาย,"น้อยกว่า 15,000 บาท",นักเรียน / นักศึกษา
ชาย,18-25 ปี,โสด,"เล่นเกม, ถ่ายรูป ถ่ายวีดีโอ, โซเชียลมีเดีย","Instagram, Facebook, YouTube, Facebook Messenger, TikTok",มากกว่า 5 ชั่วโมง,จำเป็นมากที่สุด,Apple,รีวิวสินค้า,5,ความไม่แน่นอนเกี่ยวกับการรับประกันและการบริการหลังการขาย,"น้อยกว่า 15,000 บาท",นักเรียน / นักศึกษา
ชาย,18-25 ปี,โสด,"ดูหนัง / ฟังเพลง, เล่นเกม","Instagram, Facebook, YouTube, Facebook Messenger, TikTok",มากกว่า 5 ชั่วโมง,จำเป็น,Realme ,รีวิวสินค้า,4,ความกังวลเกี่ยวกับความปลอดภัยของการชำระเงิน,"น้อยกว่า 15,000 บาท",นักเรียน / นักศึกษา
ชาย,18-25 ปี,โสด,"ดูหนัง / ฟังเพลง, เล่นเกม, โซเชียลมีเดีย","Instagram, Facebook, YouTube, Facebook Messenger, Spotify, WhatsApp, TikTok, Telegram",มากกว่า 5 ชั่วโมง,จำเป็นมากที่สุด,Apple,ราคา,4,ความกังวลเกี่ยวกับความปลอดภัยของการชำระเงิน,"น้อยกว่า 15,000 บาท",นักเรียน / นักศึกษา
ชาย,18-25 ปี,โสด,"ดูหนัง / ฟังเพลง, เล่นเกม, โซเชียลมีเดีย","Instagram, Facebook, YouTube, Facebook Messenger, TikTok",มากกว่า 5 ชั่วโมง,จำเป็นมากที่สุด,Realme,ฟีเจอร์สินค้า,5,ความล่าช้าในการจัดส่งหรือปัญหาในการจัดส่ง,"น้อยกว่า 15,000 บาท",นักเรียน / นักศึกษา
ชาย,18-25 ปี,โสด,"เล่นเกม, ถ่ายรูป ถ่ายวีดีโอ, Appication บน cloud","Instagram, Facebook, YouTube, Facebook Messenger, Spotify, TikTok, Telegram",1 - 3 ชั่วโมง,จำเป็น,Apple,รีวิวสินค้า,5,ความไม่แน่นอนเกี่ยวกับการรับประกันและการบริการหลังการขาย,"น้อยกว่า 15,000 บาท",นักเรียน / นักศึกษา
ชาย,18-25 ปี,โสด,"ถ่ายรูป ถ่ายวีดีโอ, ติดต่อสื่อสาร / ประชุมงาน, โซเชียลมีเดีย","Instagram, Facebook, Facebook Messenger, TikTok, Telegram",มากกว่า 5 ชั่วโมง,จำเป็นมากที่สุด,Apple,ราคา,4,ไม่สามารถสัมผัสหรือลองสินค้าได้จริง,"น้อยกว่า 15,000 บาท",นักเรียน / นักศึกษา
ชาย,18-25 ปี,โสด,"ดูหนัง / ฟังเพลง, เล่นเกม, โซเชียลมีเดีย","Instagram, Facebook, YouTube, Facebook Messenger, TikTok",มากกว่า 5 ชั่วโมง,จำเป็น,Apple,รีวิวสินค้า,5,ความไม่แน่นอนเกี่ยวกับการรับประกันและการบริการหลังการขาย,"น้อยกว่า 15,000 บาท",นักเรียน / นักศึกษา
หญิง,18-25 ปี,สมรส,"ดูหนัง / ฟังเพลง, ถ่ายรูป ถ่ายวีดีโอ, โซเชียลมีเดีย","Instagram, Facebook, Facebook Messenger, Spotify, TikTok",มากกว่า 5 ชั่วโมง,จำเป็นมากที่สุด,หัวเหว่ย,ราคา,5,ไม่สามารถสัมผัสหรือลองสินค้าได้จริง,"น้อยกว่า 15,000 บาท",นักเรียน / นักศึกษา
ชาย,18-25 ปี,โสด,"ดูหนัง / ฟังเพลง, เล่นเกม, โซเชียลมีเดีย","Facebook, YouTube, Facebook Messenger, Spotify",3 - 5 ชั่วโมง,จำเป็น,Apple,ราคา,4,ไม่สามารถสัมผัสหรือลองสินค้าได้จริง,"น้อยกว่า 15,000 บาท",นักเรียน / นักศึกษา
หญิง,18-25 ปี,โสด,"ดูหนัง / ฟังเพลง, ติดต่อสื่อสาร / ประชุมงาน, โซเชียลมีเดีย","Instagram, Facebook, YouTube, Facebook Messenger",มากกว่า 5 ชั่วโมง,จำเป็นมากที่สุด,XIAOMI,รีวิวสินค้า,2,ความไม่แน่นอนเกี่ยวกับการรับประกันและการบริการหลังการขาย,"น้อยกว่า 15,000 บาท",นักเรียน / นักศึกษา
ชาย,26-32 ปี,สมรส,"เล่นเกม, ถ่ายรูป ถ่ายวีดีโอ, โซเชียลมีเดีย","Instagram, Facebook, YouTube, Facebook Messenger, TikTok",มากกว่า 5 ชั่วโมง,จำเป็นมากที่สุด,Apple,ฟีเจอร์สินค้า,5,ความไม่แน่นอนเกี่ยวกับการรับประกันและการบริการหลังการขาย,"30,001 - 40,000 บาท",พนักงานข้าราชการ
หญิง,18-25 ปี,โสด,"ดูหนัง / ฟังเพลง, เล่นเกม, โซเชียลมีเดีย","Instagram, Facebook, YouTube, Facebook Messenger, Spotify, TikTok",มากกว่า 5 ชั่วโมง,จำเป็นมากที่สุด,Samsung,รีวิวสินค้า,4,ความกังวลเกี่ยวกับความปลอดภัยของการชำระเงิน,"น้อยกว่า 15,000 บาท",นักเรียน / นักศึกษา
หญิง,18-25 ปี,โสด,"ดูหนัง / ฟังเพลง, เล่นเกม, โซเชียลมีเดีย","Instagram, Facebook Messenger, TikTok",มากกว่า 5 ชั่วโมง,จำเป็นมากที่สุด,XIAOMI,ฟีเจอร์สินค้า,3,ไม่สามารถสัมผัสหรือลองสินค้าได้จริง,"น้อยกว่า 15,000 บาท",นักเรียน / นักศึกษา
หญิง,18-25 ปี,โสด,"ดูหนัง / ฟังเพลง, ถ่ายรูป ถ่ายวีดีโอ","Instagram, Facebook, YouTube, Facebook Messenger, Spotify, TikTok",มากกว่า 5 ชั่วโมง,จำเป็นมากที่สุด,Apple,ราคา,4,ความไม่แน่นอนเกี่ยวกับการรับประกันและการบริการหลังการขาย,"น้อยกว่า 15,000 บาท",นักเรียน / นักศึกษา
หญิง,18-25 ปี,โสด,"ดูหนัง / ฟังเพลง, เล่นเกม, โซเชียลมีเดีย",TikTok,3 - 5 ชั่วโมง,จำเป็น,Apple,รีวิวสินค้า,4,ความกังวลเกี่ยวกับความปลอดภัยของการชำระเงิน,"น้อยกว่า 15,000 บาท",นักเรียน / นักศึกษา
ชาย,18-25 ปี,โสด,"ดูหนัง / ฟังเพลง, เล่นเกม, โซเชียลมีเดีย","Instagram, Spotify, TikTok",มากกว่า 5 ชั่วโมง,จำเป็น,Apple,รีวิวสินค้า,4,ความกังวลเกี่ยวกับความปลอดภัยของการชำระเงิน,"น้อยกว่า 15,000 บาท",นักเรียน / นักศึกษา
หญิง,18-25 ปี,โสด,"ดูหนัง / ฟังเพลง, เล่นเกม, โซเชียลมีเดีย","Instagram, Facebook, YouTube",3 - 5 ชั่วโมง,จำเป็นมากที่สุด,Apple,ฟีเจอร์สินค้า,4,ไม่สามารถสัมผัสหรือลองสินค้าได้จริง,"น้อยกว่า 15,000 บาท",นักเรียน / นักศึกษา
ชาย,18-25 ปี,โสด,"ดูหนัง / ฟังเพลง, เล่นเกม, ถ่ายรูป ถ่ายวีดีโอ","Instagram, Facebook, YouTube, Facebook Messenger, TikTok",มากกว่า 5 ชั่วโมง,จำเป็นมากที่สุด,Apple,ฟีเจอร์สินค้า,4,ความไม่แน่นอนเกี่ยวกับการรับประกันและการบริการหลังการขาย,"น้อยกว่า 15,000 บาท",นักเรียน / นักศึกษา
หญิง,18-25 ปี,โสด,"ดูหนัง / ฟังเพลง, ถ่ายรูป ถ่ายวีดีโอ, โซเชียลมีเดีย","Instagram, YouTube, TikTok",มากกว่า 5 ชั่วโมง,จำเป็นมากที่สุด,Apple,ฟีเจอร์สินค้า,4,ไม่สามารถสัมผัสหรือลองสินค้าได้จริง,"น้อยกว่า 15,000 บาท",นักเรียน / นักศึกษา
ชาย,18-25 ปี,โสด,"ดูหนัง / ฟังเพลง, เล่นเกม, โซเชียลมีเดีย","Instagram, Facebook, YouTube, Facebook Messenger, TikTok",3 - 5 ชั่วโมง,จำเป็น,Apple,ฟีเจอร์สินค้า,4,ไม่สามารถสัมผัสหรือลองสินค้าได้จริง,"น้อยกว่า 15,000 บาท",นักเรียน / นักศึกษา
ชาย,18-25 ปี,โสด,"ดูหนัง / ฟังเพลง, ติดต่อสื่อสาร / ประชุมงาน, โซเชียลมีเดีย","Instagram, Facebook, YouTube, Facebook Messenger, TikTok",มากกว่า 5 ชั่วโมง,จำเป็นมากที่สุด,Samsung,รีวิวสินค้า,4,ไม่สามารถสัมผัสหรือลองสินค้าได้จริง,"น้อยกว่า 15,000 บาท",นักเรียน / นักศึกษา
ชาย,18-25 ปี,โสด,"ดูหนัง / ฟังเพลง, เล่นเกม","Facebook, YouTube",มากกว่า 5 ชั่วโมง,จำเป็นมากที่สุด,HUAWEI,ฟีเจอร์สินค้า,3,ไม่สามารถสัมผัสหรือลองสินค้าได้จริง,"น้อยกว่า 15,000 บาท",นักเรียน / นักศึกษา
ชาย,18-25 ปี,โสด,"ดูหนัง / ฟังเพลง, เล่นเกม, โซเชียลมีเดีย","Instagram, Facebook, YouTube, Facebook Messenger, Spotify, TikTok",มากกว่า 5 ชั่วโมง,จำเป็น,Vivo,ฟีเจอร์สินค้า,4,ความกังวลเกี่ยวกับความปลอดภัยของการชำระเงิน,"น้อยกว่า 15,000 บาท",นักเรียน / นักศึกษา
หญิง,18-25 ปี,โสด,"ดูหนัง / ฟังเพลง, ถ่ายรูป ถ่ายวีดีโอ, ติดต่อสื่อสาร / ประชุมงาน","Instagram, YouTube, Facebook Messenger, TikTok",3 - 5 ชั่วโมง,จำเป็นมากที่สุด,Apple,ราคา,5,ความกังวลเกี่ยวกับความปลอดภัยของการชำระเงิน,"15,001 - 20,000 บาท",เจ้าของธุรกิจ/ธุรกิจส่วนตัว
หญิง,18-25 ปี,โสด,ดูหนัง / ฟังเพลง,"Instagram, YouTube, TikTok",3 - 5 ชั่วโมง,จำเป็นมากที่สุด,Apple,ฟีเจอร์สินค้า,4,ความกังวลเกี่ยวกับความปลอดภัยของการชำระเงิน,"น้อยกว่า 15,000 บาท",นักเรียน / นักศึกษา
หญิง,18-25 ปี,โสด,ดูหนัง / ฟังเพลง,Instagram,มากกว่า 5 ชั่วโมง,จำเป็นมากที่สุด,Realme,ฟีเจอร์สินค้า,5,ไม่สามารถสัมผัสหรือลองสินค้าได้จริง,"น้อยกว่า 15,000 บาท",นักเรียน / นักศึกษา
ชาย,18-25 ปี,โสด,"ดูหนัง / ฟังเพลง, ติดต่อสื่อสาร / ประชุมงาน, โซเชียลมีเดีย","Instagram, Facebook, YouTube, Facebook Messenger, Spotify, TikTok, Telegram",1 - 3 ชั่วโมง,จำเป็นมากที่สุด,เครื่องคิดเลข,ฟีเจอร์สินค้า,5,ความกังวลเกี่ยวกับความปลอดภัยของการชำระเงิน,"15,001 - 20,000 บาท",นักเรียน / นักศึกษา
ชาย,18-25 ปี,โสด,"ดูหนัง / ฟังเพลง, เล่นเกม, โซเชียลมีเดีย","Instagram, Facebook, YouTube, Facebook Messenger, Spotify",มากกว่า 5 ชั่วโมง,จำเป็น,Samsung,รีวิวสินค้า,4,ไม่สามารถสัมผัสหรือลองสินค้าได้จริง,"น้อยกว่า 15,000 บาท",นักเรียน / นักศึกษา
ชาย,18-25 ปี,โสด,"ดูหนัง / ฟังเพลง, เล่นเกม, โซเชียลมีเดีย","Instagram, Facebook, YouTube, Facebook Messenger, TikTok",มากกว่า 5 ชั่วโมง,จำเป็น,XIAOMI,ฟีเจอร์สินค้า,3,ไม่สามารถสัมผัสหรือลองสินค้าได้จริง,"น้อยกว่า 15,000 บาท",นักเรียน / นักศึกษา
ชาย,18-25 ปี,โสด,"ดูหนัง / ฟังเพลง, เล่นเกม, โซเชียลมีเดีย","Facebook, YouTube, Facebook Messenger",3 - 5 ชั่วโมง,จำเป็น,Samsung,ราคา,4,ความกังวลเกี่ยวกับความปลอดภัยของการชำระเงิน,"น้อยกว่า 15,000 บาท",นักเรียน / นักศึกษา
หญิง,33-40 ปี,สมรส,"ดูหนัง / ฟังเพลง, ถ่ายรูป ถ่ายวีดีโอ, ติดต่อสื่อสาร / ประชุมงาน","Facebook, YouTube, Facebook Messenger, TikTok",มากกว่า 5 ชั่วโมง,จำเป็นมากที่สุด,Huawei,ฟีเจอร์สินค้า,4,ไม่สามารถสัมผัสหรือลองสินค้าได้จริง,"20,001 - 30,000 บาท",พนักงานบริษัทเอกชน
ชาย,18-25 ปี,โสด,"ดูหนัง / ฟังเพลง, เล่นเกม, โซเชียลมีเดีย","Instagram, Facebook, Facebook Messenger, TikTok, Telegram",มากกว่า 5 ชั่วโมง,จำเป็น,Oppo,ฟีเจอร์สินค้า,3,ความไม่แน่นอนเกี่ยวกับการรับประกันและการบริการหลังการขาย,"น้อยกว่า 15,000 บาท",นักเรียน / นักศึกษา
ชาย,18-25 ปี,โสด,"ดูหนัง / ฟังเพลง, เล่นเกม, ติดต่อสื่อสาร / ประชุมงาน","Instagram, Facebook, YouTube, Facebook Messenger, TikTok, Telegram",มากกว่า 5 ชั่วโมง,จำเป็นมากที่สุด,XIAOMI,ฟีเจอร์สินค้า,2,ความไม่แน่นอนเกี่ยวกับการรับประกันและการบริการหลังการขาย,"น้อยกว่า 15,000 บาท",นักเรียน / นักศึกษา
หญิง,18-25 ปี,โสด,"ดูหนัง / ฟังเพลง, ถ่ายรูป ถ่ายวีดีโอ, โซเชียลมีเดีย","Instagram, YouTube, TikTok",มากกว่า 5 ชั่วโมง,จำเป็นมากที่สุด,Apple,ฟีเจอร์สินค้า,4,ไม่สามารถสัมผัสหรือลองสินค้าได้จริง,"น้อยกว่า 15,000 บาท",นักเรียน / นักศึกษา
หญิง,18-25 ปี,โสด,"ดูหนัง / ฟังเพลง, ติดต่อสื่อสาร / ประชุมงาน, โซเชียลมีเดีย","Instagram, Facebook, YouTube, Facebook Messenger, Spotify, TikTok",มากกว่า 5 ชั่วโมง,จำเป็น,Samsung,รีวิวสินค้า,4,ความไม่แน่นอนเกี่ยวกับการรับประกันและการบริการหลังการขาย,"น้อยกว่า 15,000 บาท",นักเรียน / นักศึกษา
ชาย,18-25 ปี,โสด,"ดูหนัง / ฟังเพลง, เล่นเกม, โซเชียลมีเดีย","Instagram, Facebook, YouTube, Facebook Messenger, TikTok",มากกว่า 5 ชั่วโมง,จำเป็นมากที่สุด,Apple,ฟีเจอร์สินค้า,5,ความไม่แน่นอนเกี่ยวกับการรับประกันและการบริการหลังการขาย,"น้อยกว่า 15,000 บาท",นักเรียน / นักศึกษา
หญิง,18-25 ปี,โสด,"ดูหนัง / ฟังเพลง, ถ่ายรูป ถ่ายวีดีโอ, โซเชียลมีเดีย","Instagram, YouTube, Spotify, TikTok",3 - 5 ชั่วโมง,จำเป็นมากที่สุด,Apple,ฟีเจอร์สินค้า,5,ความกังวลเกี่ยวกับความปลอดภัยของการชำระเงิน,"น้อยกว่า 15,000 บาท",นักเรียน / นักศึกษา
หญิง,18-25 ปี,โสด,"ดูหนัง / ฟังเพลง, ถ่ายรูป ถ่ายวีดีโอ, โซเชียลมีเดีย","Instagram, TikTok",มากกว่า 5 ชั่วโมง,จำเป็นมากที่สุด,Apple,รีวิวสินค้า,5,ไม่สามารถสัมผัสหรือลองสินค้าได้จริง,"น้อยกว่า 15,000 บาท",นักเรียน / นักศึกษา
หญิง,18-25 ปี,โสด,"ดูหนัง / ฟังเพลง, ถ่ายรูป ถ่ายวีดีโอ, โซเชียลมีเดีย","Instagram, Facebook, YouTube, Facebook Messenger, Spotify, TikTok",มากกว่า 5 ชั่วโมง,จำเป็น,Apple,ฟีเจอร์สินค้า,4,ความกังวลเกี่ยวกับความปลอดภัยของการชำระเงิน,"น้อยกว่า 15,000 บาท",นักเรียน / นักศึกษา
หญิง,18-25 ปี,โสด,"ดูหนัง / ฟังเพลง, ถ่ายรูป ถ่ายวีดีโอ, โซเชียลมีเดีย","Instagram, TikTok",มากกว่า 5 ชั่วโมง,จำเป็นมากที่สุด,Apple,รีวิวสินค้า,4,ความกังวลเกี่ยวกับความปลอดภัยของการชำระเงิน,"น้อยกว่า 15,000 บาท",นักเรียน / นักศึกษา
หญิง,18-25 ปี,โสด,"ดูหนัง / ฟังเพลง, เล่นเกม, โซเชียลมีเดีย","Instagram, Facebook, YouTube, Facebook Messenger, TikTok, Line",มากกว่า 5 ชั่วโมง,จำเป็น,Oppo,รีวิวสินค้า,5,ไม่สามารถสัมผัสหรือลองสินค้าได้จริง,"น้อยกว่า 15,000 บาท",นักเรียน / นักศึกษา
หญิง,18-25 ปี,โสด,"Appication บน cloud, ติดต่อสื่อสาร / ประชุมงาน, โซเชียลมีเดีย","Instagram, Facebook, Facebook Messenger, TikTok, LINE",มากกว่า 5 ชั่วโมง,จำเป็นมากที่สุด,Apple,ราคา,5,ไม่สามารถสัมผัสหรือลองสินค้าได้จริง,"20,001 - 30,000 บาท",นักเรียน / นักศึกษา
หญิง,18-25 ปี,โสด,"ดูหนัง / ฟังเพลง, เล่นเกม, โซเชียลมีเดีย","Instagram, Facebook, YouTube, Facebook Messenger, Spotify, TikTok",มากกว่า 5 ชั่วโมง,จำเป็นมากที่สุด,Samsung,ฟีเจอร์สินค้า,5,ความไม่แน่นอนเกี่ยวกับการรับประกันและการบริการหลังการขาย,"น้อยกว่า 15,000 บาท",นักเรียน / นักศึกษา
หญิง,26-32 ปี,โสด,"ดูหนัง / ฟังเพลง, เล่นเกม, ถ่ายรูป ถ่ายวีดีโอ","Instagram, Facebook, YouTube, Facebook Messenger, TikTok",1 - 3 ชั่วโมง,จำเป็น,Apple,รีวิวสินค้า,4,ความกังวลเกี่ยวกับความปลอดภัยของการชำระเงิน,"น้อยกว่า 15,000 บาท",เจ้าของธุรกิจ/ธุรกิจส่วนตัว
หญิง,18-25 ปี,โสด,"ดูหนัง / ฟังเพลง, โซเชียลมีเดีย","Instagram, YouTube",มากกว่า 5 ชั่วโมง,จำเป็นมากที่สุด,Apple,ฟีเจอร์สินค้า,5,ความกังวลเกี่ยวกับความปลอดภัยของการชำระเงิน,"20,001 - 30,000 บาท",นักเรียน / นักศึกษา
หญิง,26-32 ปี,โสด,"ถ่ายรูป ถ่ายวีดีโอ, ติดต่อสื่อสาร / ประชุมงาน, โซเชียลมีเดีย","Instagram, Facebook, YouTube, Facebook Messenger, Spotify, TikTok",มากกว่า 5 ชั่วโมง,จำเป็น,Apple,รีวิวสินค้า,4,ไม่สามารถสัมผัสหรือลองสินค้าได้จริง,"20,001 - 30,000 บาท",เจ้าของธุรกิจ/ธุรกิจส่วนตัว
ชาย,18-25 ปี,โสด,"ดูหนัง / ฟังเพลง, เล่นเกม, โซเชียลมีเดีย","Instagram, Facebook, YouTube, Facebook Messenger, Telegram",3 - 5 ชั่วโมง,จำเป็น,XIAOMI,ราคา,4,ความไม่แน่นอนเกี่ยวกับการรับประกันและการบริการหลังการขาย,"น้อยกว่า 15,000 บาท",นักเรียน / นักศึกษา
หญิง,18-25 ปี,โสด,"ดูหนัง / ฟังเพลง, ถ่ายรูป ถ่ายวีดีโอ","Instagram, Facebook, YouTube, TikTok",มากกว่า 5 ชั่วโมง,จำเป็นมากที่สุด,Apple,ราคา,4,ความกังวลเกี่ยวกับความปลอดภัยของการชำระเงิน,"น้อยกว่า 15,000 บาท",นักเรียน / นักศึกษา
หญิง,18-25 ปี,โสด,"ดูหนัง / ฟังเพลง, เล่นเกม, โซเชียลมีเดีย","Instagram, Facebook, YouTube, Facebook Messenger, Spotify, TikTok",3 - 5 ชั่วโมง,จำเป็นมากที่สุด,Apple,รีวิวสินค้า,5,ไม่สามารถสัมผัสหรือลองสินค้าได้จริง,"น้อยกว่า 15,000 บาท",นักเรียน / นักศึกษา
หญิง,18-25 ปี,โสด,"ดูหนัง / ฟังเพลง, เล่นเกม, โซเชียลมีเดีย","Instagram, Facebook, YouTube, Facebook Messenger, Spotify, TikTok",3 - 5 ชั่วโมง,จำเป็นมากที่สุด,Apple,รีวิวสินค้า,5,ไม่สามารถสัมผัสหรือลองสินค้าได้จริง,"น้อยกว่า 15,000 บาท",นักเรียน / นักศึกษา
หญิง,18-25 ปี,โสด,"ดูหนัง / ฟังเพลง, ถ่ายรูป ถ่ายวีดีโอ","Instagram, Facebook, YouTube, TikTok",มากกว่า 5 ชั่วโมง,จำเป็นมากที่สุด,Apple,ราคา,4,ความกังวลเกี่ยวกับความปลอดภัยของการชำระเงิน,"น้อยกว่า 15,000 บาท",นักเรียน / นักศึกษา
ชาย,18-25 ปี,โสด,"ดูหนัง / ฟังเพลง, เล่นเกม, โซเชียลมีเดีย","Instagram, Facebook Messenger, TikTok",1 - 3 ชั่วโมง,จำเป็น,Vivo,รีวิวสินค้า,4,ไม่สามารถสัมผัสหรือลองสินค้าได้จริง,"15,001 - 20,000 บาท",เจ้าของธุรกิจ/ธุรกิจส่วนตัว
ชาย,18-25 ปี,โสด,"ดูหนัง / ฟังเพลง, เล่นเกม, โซเชียลมีเดีย","Instagram, Facebook, YouTube, Facebook Messenger, Spotify, TikTok, Telegram",มากกว่า 5 ชั่วโมง,จำเป็นมากที่สุด,XIAOMI,ราคา,4,ความไม่แน่นอนเกี่ยวกับการรับประกันและการบริการหลังการขาย,"น้อยกว่า 15,000 บาท",นักเรียน / นักศึกษา
ชาย,18-25 ปี,โสด,"ดูหนัง / ฟังเพลง, ถ่ายรูป ถ่ายวีดีโอ","Instagram, Facebook, YouTube, Facebook Messenger, TikTok",มากกว่า 5 ชั่วโมง,จำเป็น,Apple,ราคา,4,ความไม่แน่นอนเกี่ยวกับการรับประกันและการบริการหลังการขาย,"น้อยกว่า 15,000 บาท",นักเรียน / นักศึกษา
หญิง,18-25 ปี,โสด,"ดูหนัง / ฟังเพลง, ติดต่อสื่อสาร / ประชุมงาน, โซเชียลมีเดีย","Instagram, Facebook, YouTube, Facebook Messenger, TikTok",มากกว่า 5 ชั่วโมง,จำเป็นมากที่สุด,Apple,ฟีเจอร์สินค้า,4,ความกังวลเกี่ยวกับความปลอดภัยของการชำระเงิน,"น้อยกว่า 15,000 บาท",นักเรียน / นักศึกษา
หญิง,18-25 ปี,โสด,"ดูหนัง / ฟังเพลง, เล่นเกม, ถ่ายรูป ถ่ายวีดีโอ","Instagram, Facebook, YouTube, Facebook Messenger, Spotify, TikTok",มากกว่า 5 ชั่วโมง,จำเป็นมากที่สุด,Samsung,ราคา,5,ความไม่แน่นอนเกี่ยวกับการรับประกันและการบริการหลังการขาย,"น้อยกว่า 15,000 บาท",นักเรียน / นักศึกษา
ชาย,18-25 ปี,โสด,"ดูหนัง / ฟังเพลง, เล่นเกม, โซเชียลมีเดีย","Instagram, Facebook, YouTube, Facebook Messenger, TikTok, Telegram",มากกว่า 5 ชั่วโมง,จำเป็นมากที่สุด,Apple,ฟีเจอร์สินค้า,5,ไม่สามารถสัมผัสหรือลองสินค้าได้จริง,"น้อยกว่า 15,000 บาท",นักเรียน / นักศึกษา
ชาย,26-32 ปี,โสด,"ดูหนัง / ฟังเพลง, ติดต่อสื่อสาร / ประชุมงาน, โซเชียลมีเดีย","Instagram, Facebook, YouTube, Facebook Messenger, TikTok",มากกว่า 5 ชั่วโมง,จำเป็น,Samsung,ฟีเจอร์สินค้า,4,ความไม่แน่นอนเกี่ยวกับการรับประกันและการบริการหลังการขาย,"30,001 - 40,000 บาท",เจ้าของธุรกิจ/ธุรกิจส่วนตัว
ชาย,18-25 ปี,โสด,"ดูหนัง / ฟังเพลง, เล่นเกม, โซเชียลมีเดีย","Instagram, Facebook, YouTube, Facebook Messenger, TikTok",มากกว่า 5 ชั่วโมง,จำเป็นมากที่สุด,Samsung,รีวิวสินค้า,3,ความไม่แน่นอนเกี่ยวกับการรับประกันและการบริการหลังการขาย,"น้อยกว่า 15,000 บาท",นักเรียน / นักศึกษา
ชาย,26-32 ปี,โสด,"ดูหนัง / ฟังเพลง, ติดต่อสื่อสาร / ประชุมงาน, โซเชียลมีเดีย","Instagram, Facebook, YouTube, Facebook Messenger, TikTok",มากกว่า 5 ชั่วโมง,จำเป็น,Samsung,ฟีเจอร์สินค้า,4,ความล่าช้าในการจัดส่งหรือปัญหาในการจัดส่ง,"20,001 - 30,000 บาท",เจ้าของธุรกิจ/ธุรกิจส่วนตัว
ชาย,26-32 ปี,โสด,"ดูหนัง / ฟังเพลง, เล่นเกม",YouTube,มากกว่า 5 ชั่วโมง,จำเป็น,Apple,ฟีเจอร์สินค้า,4,ความกังวลเกี่ยวกับความปลอดภัยของการชำระเงิน,"15,001 - 20,000 บาท",เจ้าของธุรกิจ/ธุรกิจส่วนตัว
ชาย,18-25 ปี,โสด,"ดูหนัง / ฟังเพลง, เล่นเกม","Instagram, Facebook, YouTube, Facebook Messenger, TikTok",มากกว่า 5 ชั่วโมง,จำเป็นมากที่สุด,Apple,ฟีเจอร์สินค้า,5,ไม่สามารถสัมผัสหรือลองสินค้าได้จริง,"น้อยกว่า 15,000 บาท",นักเรียน / นักศึกษา
ชาย,18-25 ปี,โสด,"ดูหนัง / ฟังเพลง, เล่นเกม, ถ่ายรูป ถ่ายวีดีโอ","Instagram, Facebook, TikTok",มากกว่า 5 ชั่วโมง,จำเป็นมากที่สุด,Apple,ฟีเจอร์สินค้า,4,ไม่สามารถสัมผัสหรือลองสินค้าได้จริง,"น้อยกว่า 15,000 บาท",นักเรียน / นักศึกษา
ชาย,18-25 ปี,โสด,"ดูหนัง / ฟังเพลง, เล่นเกม, ถ่ายรูป ถ่ายวีดีโอ","Instagram, Facebook, YouTube, Facebook Messenger, Spotify, TikTok",3 - 5 ชั่วโมง,จำเป็น,Apple,ราคา,5,ความกังวลเกี่ยวกับความปลอดภัยของการชำระเงิน,"น้อยกว่า 15,000 บาท",นักเรียน / นักศึกษา
ชาย,18-25 ปี,โสด,"ถ่ายรูป ถ่ายวีดีโอ, ติดต่อสื่อสาร / ประชุมงาน, โซเชียลมีเดีย","Instagram, Facebook, YouTube, Facebook Messenger, Spotify, TikTok, Telegram",มากกว่า 5 ชั่วโมง,จำเป็น,Apple,ฟีเจอร์สินค้า,5,ไม่สามารถสัมผัสหรือลองสินค้าได้จริง,"น้อยกว่า 15,000 บาท",นักเรียน / นักศึกษา
ชาย,18-25 ปี,โสด,"ดูหนัง / ฟังเพลง, เล่นเกม, โซเชียลมีเดีย","Instagram, Facebook Messenger, TikTok",มากกว่า 5 ชั่วโมง,จำเป็น,Apple,ฟีเจอร์สินค้า,4,ความกังวลเกี่ยวกับความปลอดภัยของการชำระเงิน,"น้อยกว่า 15,000 บาท",นักเรียน / นักศึกษา
หญิง,18-25 ปี,โสด,"ดูหนัง / ฟังเพลง, เล่นเกม, โซเชียลมีเดีย","Instagram, Facebook, YouTube, Facebook Messenger, TikTok, Line, X",มากกว่า 5 ชั่วโมง,จำเป็นมากที่สุด,Vivo,ฟีเจอร์สินค้า,5,ความกังวลเกี่ยวกับความปลอดภัยของการชำระเงิน,"น้อยกว่า 15,000 บาท",นักเรียน / นักศึกษา
ชาย,18-25 ปี,โสด,"เล่นเกม, ถ่ายรูป ถ่ายวีดีโอ, ติดต่อสื่อสาร / ประชุมงาน","Instagram, Facebook, YouTube, Facebook Messenger, TikTok",1 - 3 ชั่วโมง,จำเป็นมากที่สุด,Apple,รีวิวสินค้า,5,ไม่สามารถสัมผัสหรือลองสินค้าได้จริง,"น้อยกว่า 15,000 บาท",นักเรียน / นักศึกษา
ชาย,18-25 ปี,โสด,"ดูหนัง / ฟังเพลง, ถ่ายรูป ถ่ายวีดีโอ, ติดต่อสื่อสาร / ประชุมงาน","Instagram, Facebook, YouTube, Facebook Messenger, Telegram",1 - 3 ชั่วโมง,จำเป็น,Realme 7 5G,ฟีเจอร์สินค้า,3,ความกังวลเกี่ยวกับความปลอดภัยของการชำระเงิน,"น้อยกว่า 15,000 บาท",นักเรียน / นักศึกษา
ชาย,18-25 ปี,โสด,"ดูหนัง / ฟังเพลง, เล่นเกม, ถ่ายรูป ถ่ายวีดีโอ","Instagram, Facebook, YouTube, Facebook Messenger, Spotify, TikTok",1 - 3 ชั่วโมง,จำเป็น,XIAOMI,รีวิวสินค้า,4,ความไม่แน่นอนเกี่ยวกับการรับประกันและการบริการหลังการขาย,"น้อยกว่า 15,000 บาท",นักเรียน / นักศึกษา
ชาย,18-25 ปี,โสด,ดูหนัง / ฟังเพลง,"Instagram, Facebook, YouTube, Snapchat, Facebook Messenger, Spotify, WhatsApp, TikTok",3 - 5 ชั่วโมง,จำเป็นมากที่สุด,Apple,ราคา,3,ความกังวลเกี่ยวกับความปลอดภัยของการชำระเงิน,"น้อยกว่า 15,000 บาท",นักเรียน / นักศึกษา
ชาย,18-25 ปี,โสด,"ดูหนัง / ฟังเพลง, เล่นเกม, โซเชียลมีเดีย","Instagram, Facebook, YouTube, Facebook Messenger",มากกว่า 5 ชั่วโมง,จำเป็นมากที่สุด,Samsung,ราคา,3,ความกังวลเกี่ยวกับความปลอดภัยของการชำระเงิน,"น้อยกว่า 15,000 บาท",นักเรียน / นักศึกษา
ชาย,18-25 ปี,โสด,ดูหนัง / ฟังเพลง,"YouTube, Facebook Messenger, Discord, Wise",มากกว่า 5 ชั่วโมง,จำเป็น,Apple,ฟีเจอร์สินค้า,4,ไม่สามารถสัมผัสหรือลองสินค้าได้จริง,"มากกว่า 50,001 บาทขึ้นไป",เจ้าของธุรกิจ/ธุรกิจส่วนตัว
หญิง,18-25 ปี,โสด,"ดูหนัง / ฟังเพลง, เล่นเกม, ติดต่อสื่อสาร / ประชุมงาน","Instagram, Facebook, YouTube, Spotify, TikTok",มากกว่า 5 ชั่วโมง,จำเป็นมากที่สุด,Apple,ราคา,4,ไม่สามารถสัมผัสหรือลองสินค้าได้จริง,"น้อยกว่า 15,000 บาท",นักเรียน / นักศึกษา
ชาย,18-25 ปี,โสด,"ดูหนัง / ฟังเพลง, ถ่ายรูป ถ่ายวีดีโอ, ติดต่อสื่อสาร / ประชุมงาน","Instagram, Facebook, YouTube, Facebook Messenger, Spotify",มากกว่า 5 ชั่วโมง,จำเป็นมากที่สุด,Oppo,ราคา,4,ความไม่แน่นอนเกี่ยวกับการรับประกันและการบริการหลังการขาย,"น้อยกว่า 15,000 บาท",นักเรียน / นักศึกษา
หญิง,18-25 ปี,โสด,"ดูหนัง / ฟังเพลง, ติดต่อสื่อสาร / ประชุมงาน, โซเชียลมีเดีย","Instagram, Facebook, YouTube, Facebook Messenger, TikTok",มากกว่า 5 ชั่วโมง,จำเป็นมากที่สุด,Realme,ฟีเจอร์สินค้า,5,ความกังวลเกี่ยวกับความปลอดภัยของการชำระเงิน,"น้อยกว่า 15,000 บาท",นักเรียน / นักศึกษา
ชาย,18-25 ปี,โสด,"ดูหนัง / ฟังเพลง, เล่นเกม, โซเชียลมีเดีย","Facebook, YouTube, Facebook Messenger",1 - 3 ชั่วโมง,จำเป็น,Oppo,ราคา,4,ไม่สามารถสัมผัสหรือลองสินค้าได้จริง,"น้อยกว่า 15,000 บาท",นักเรียน / นักศึกษา
ชาย,18-25 ปี,สมรส,"ดูหนัง / ฟังเพลง, โซเชียลมีเดีย","Instagram, Facebook, YouTube, Facebook Messenger, TikTok",1 - 3 ชั่วโมง,จำเป็นมากที่สุด,Samsung,รีวิวสินค้า,4,ความกังวลเกี่ยวกับความปลอดภัยของการชำระเงิน,"น้อยกว่า 15,000 บาท",พนักงานโรงงานอุตสาหกรรม
หญิง,26-32 ปี,โสด,"ดูหนัง / ฟังเพลง, เล่นเกม, ติดต่อสื่อสาร / ประชุมงาน","Facebook, Facebook Messenger, Spotify",มากกว่า 5 ชั่วโมง,จำเป็นมากที่สุด,Apple,ฟีเจอร์สินค้า,3,ไม่สามารถสัมผัสหรือลองสินค้าได้จริง,"น้อยกว่า 15,000 บาท",พนักงานบริษัทเอกชน
ชาย,18-25 ปี,โสด,"ดูหนัง / ฟังเพลง, ถ่ายรูป ถ่ายวีดีโอ, โซเชียลมีเดีย","Instagram, Facebook, YouTube, Facebook Messenger",3 - 5 ชั่วโมง,จำเป็น,Samsung,ฟีเจอร์สินค้า,4,ความไม่แน่นอนเกี่ยวกับการรับประกันและการบริการหลังการขาย,"น้อยกว่า 15,000 บาท",นักเรียน / นักศึกษา
หญิง,18-25 ปี,โสด,"ถ่ายรูป ถ่ายวีดีโอ, ติดต่อสื่อสาร / ประชุมงาน, โซเชียลมีเดีย","Instagram, Facebook, YouTube",3 - 5 ชั่วโมง,จำเป็น,Apple,ฟีเจอร์สินค้า,5,ความไม่แน่นอนเกี่ยวกับการรับประกันและการบริการหลังการขาย,"น้อยกว่า 15,000 บาท",นักเรียน / นักศึกษา
หญิง,18-25 ปี,โสด,ดูหนัง / ฟังเพลง,"Instagram, Facebook, Facebook Messenger, TikTok",1 - 3 ชั่วโมง,จำเป็นมากที่สุด,Oppo,รีวิวสินค้า,3,ความไม่แน่นอนเกี่ยวกับการรับประกันและการบริการหลังการขาย,"น้อยกว่า 15,000 บาท",นักเรียน / นักศึกษา
หญิง,33-40 ปี,สมรส,"ถ่ายรูป ถ่ายวีดีโอ, ติดต่อสื่อสาร / ประชุมงาน, โซเชียลมีเดีย","Facebook, Facebook Messenger",1 - 3 ชั่วโมง,จำเป็นมากที่สุด,Samsung,ราคา,5,ไม่สามารถสัมผัสหรือลองสินค้าได้จริง,"15,001 - 20,000 บาท",พนักงานข้าราชการ
หญิง,33-40 ปี,สมรส,"ถ่ายรูป ถ่ายวีดีโอ, ติดต่อสื่อสาร / ประชุมงาน, โซเชียลมีเดีย","Facebook, Facebook Messenger",1 - 3 ชั่วโมง,จำเป็นมากที่สุด,Samsung,ราคา,5,ไม่สามารถสัมผัสหรือลองสินค้าได้จริง,"15,001 - 20,000 บาท",พนักงานข้าราชการ
หญิง,33-40 ปี,สมรส,"ถ่ายรูป ถ่ายวีดีโอ, ติดต่อสื่อสาร / ประชุมงาน, โซเชียลมีเดีย","Facebook, Facebook Messenger",1 - 3 ชั่วโมง,จำเป็นมากที่สุด,Samsung,ราคา,5,ไม่สามารถสัมผัสหรือลองสินค้าได้จริง,"15,001 - 20,000 บาท",พนักงานข้าราชการ
หญิง,33-40 ปี,สมรส,"ถ่ายรูป ถ่ายวีดีโอ, ติดต่อสื่อสาร / ประชุมงาน, โซเชียลมีเดีย","Facebook, Facebook Messenger",1 - 3 ชั่วโมง,จำเป็นมากที่สุด,Samsung,ราคา,5,ไม่สามารถสัมผัสหรือลองสินค้าได้จริง,"15,001 - 20,000 บาท",พนักงานข้าราชการ
หญิง,33-40 ปี,สมรส,"ถ่ายรูป ถ่ายวีดีโอ, ติดต่อสื่อสาร / ประชุมงาน, โซเชียลมีเดีย","Facebook, Facebook Messenger",1 - 3 ชั่วโมง,จำเป็นมากที่สุด,Samsung,ราคา,5,ไม่สามารถสัมผัสหรือลองสินค้าได้จริง,"15,001 - 20,000 บาท",พนักงานข้าราชการ
หญิง,33-40 ปี,สมรส,"ถ่ายรูป ถ่ายวีดีโอ, ติดต่อสื่อสาร / ประชุมงาน, โซเชียลมีเดีย","Facebook, Facebook Messenger",1 - 3 ชั่วโมง,จำเป็นมากที่สุด,Samsung,ราคา,5,ไม่สามารถสัมผัสหรือลองสินค้าได้จริง,"15,001 - 20,000 บาท",พนักงานข้าราชการ
หญิง,33-40 ปี,สมรส,"ถ่ายรูป ถ่ายวีดีโอ, ติดต่อสื่อสาร / ประชุมงาน, โซเชียลมีเดีย","Facebook, Facebook Messenger",1 - 3 ชั่วโมง,จำเป็นมากที่สุด,Samsung,ราคา,5,ไม่สามารถสัมผัสหรือลองสินค้าได้จริง,"15,001 - 20,000 บาท",พนักงานข้าราชการ
หญิง,33-40 ปี,สมรส,"ถ่ายรูป ถ่ายวีดีโอ, ติดต่อสื่อสาร / ประชุมงาน, โซเชียลมีเดีย","Facebook, Facebook Messenger",1 - 3 ชั่วโมง,จำเป็นมากที่สุด,Samsung,ราคา,5,ไม่สามารถสัมผัสหรือลองสินค้าได้จริง,"15,001 - 20,000 บาท",พนักงานข้าราชการ
หญิง,33-40 ปี,สมรส,"ถ่ายรูป ถ่ายวีดีโอ, ติดต่อสื่อสาร / ประชุมงาน, โซเชียลมีเดีย","Facebook, Facebook Messenger",1 - 3 ชั่วโมง,จำเป็นมากที่สุด,Samsung,ราคา,5,ไม่สามารถสัมผัสหรือลองสินค้าได้จริง,"15,001 - 20,000 บาท",พนักงานข้าราชการ
หญิง,33-40 ปี,สมรส,"ถ่ายรูป ถ่ายวีดีโอ, ติดต่อสื่อสาร / ประชุมงาน, โซเชียลมีเดีย","Facebook, Facebook Messenger",1 - 3 ชั่วโมง,จำเป็นมากที่สุด,Samsung,ราคา,5,ไม่สามารถสัมผัสหรือลองสินค้าได้จริง,"15,001 - 20,000 บาท",พนักงานข้าราชการ
หญิง,33-40 ปี,สมรส,"ถ่ายรูป ถ่ายวีดีโอ, ติดต่อสื่อสาร / ประชุมงาน, โซเชียลมีเดีย","Facebook, Facebook Messenger",1 - 3 ชั่วโมง,จำเป็นมากที่สุด,Samsung,ราคา,5,ไม่สามารถสัมผัสหรือลองสินค้าได้จริง,"15,001 - 20,000 บาท",พนักงานข้าราชการ
หญิง,33-40 ปี,สมรส,"ถ่ายรูป ถ่ายวีดีโอ, ติดต่อสื่อสาร / ประชุมงาน, โซเชียลมีเดีย","Facebook, Facebook Messenger",1 - 3 ชั่วโมง,จำเป็นมากที่สุด,Samsung,ราคา,5,ไม่สามารถสัมผัสหรือลองสินค้าได้จริง,"15,001 - 20,000 บาท",พนักงานข้าราชการ
หญิง,33-40 ปี,สมรส,"ถ่ายรูป ถ่ายวีดีโอ, ติดต่อสื่อสาร / ประชุมงาน, โซเชียลมีเดีย","Facebook, Facebook Messenger",1 - 3 ชั่วโมง,จำเป็นมากที่สุด,Samsung,ราคา,5,ไม่สามารถสัมผัสหรือลองสินค้าได้จริง,"15,001 - 20,000 บาท",พนักงานข้าราชการ
หญิง,33-40 ปี,สมรส,"ถ่ายรูป ถ่ายวีดีโอ, ติดต่อสื่อสาร / ประชุมงาน, โซเชียลมีเดีย","Facebook, Facebook Messenger",1 - 3 ชั่วโมง,จำเป็นมากที่สุด,Samsung,ราคา,5,ไม่สามารถสัมผัสหรือลองสินค้าได้จริง,"15,001 - 20,000 บาท",พนักงานข้าราชการ
หญิง,33-40 ปี,สมรส,"ถ่ายรูป ถ่ายวีดีโอ, ติดต่อสื่อสาร / ประชุมงาน, โซเชียลมีเดีย","Facebook, Facebook Messenger",1 - 3 ชั่วโมง,จำเป็นมากที่สุด,Samsung,ราคา,5,ไม่สามารถสัมผัสหรือลองสินค้าได้จริง,"15,001 - 20,000 บาท",พนักงานข้าราชการ
หญิง,33-40 ปี,สมรส,"ถ่ายรูป ถ่ายวีดีโอ, ติดต่อสื่อสาร / ประชุมงาน, โซเชียลมีเดีย","Facebook, Facebook Messenger",1 - 3 ชั่วโมง,จำเป็นมากที่สุด,Samsung,ราคา,5,ไม่สามารถสัมผัสหรือลองสินค้าได้จริง,"15,001 - 20,000 บาท",พนักงานข้าราชการ
หญิง,33-40 ปี,สมรส,"ถ่ายรูป ถ่ายวีดีโอ, ติดต่อสื่อสาร / ประชุมงาน, โซเชียลมีเดีย","Facebook, Facebook Messenger",1 - 3 ชั่วโมง,จำเป็นมากที่สุด,Samsung,ราคา,5,ไม่สามารถสัมผัสหรือลองสินค้าได้จริง,"15,001 - 20,000 บาท",พนักงานข้าราชการ
หญิง,33-40 ปี,สมรส,"ถ่ายรูป ถ่ายวีดีโอ, ติดต่อสื่อสาร / ประชุมงาน, โซเชียลมีเดีย","Facebook, Facebook Messenger",1 - 3 ชั่วโมง,จำเป็นมากที่สุด,Samsung,ราคา,5,ไม่สามารถสัมผัสหรือลองสินค้าได้จริง,"15,001 - 20,000 บาท",พนักงานข้าราชการ
หญิง,33-40 ปี,สมรส,"ถ่ายรูป ถ่ายวีดีโอ, ติดต่อสื่อสาร / ประชุมงาน, โซเชียลมีเดีย","Facebook, Facebook Messenger",1 - 3 ชั่วโมง,จำเป็นมากที่สุด,Samsung,ราคา,5,ไม่สามารถสัมผัสหรือลองสินค้าได้จริง,"15,001 - 20,000 บาท",พนักงานข้าราชการ
หญิง,33-40 ปี,สมรส,"ถ่ายรูป ถ่ายวีดีโอ, ติดต่อสื่อสาร / ประชุมงาน, โซเชียลมีเดีย","Facebook, Facebook Messenger",1 - 3 ชั่วโมง,จำเป็นมากที่สุด,Samsung,ราคา,5,ไม่สามารถสัมผัสหรือลองสินค้าได้จริง,"15,001 - 20,000 บาท",พนักงานข้าราชการ
หญิง,33-40 ปี,สมรส,"ถ่ายรูป ถ่ายวีดีโอ, ติดต่อสื่อสาร / ประชุมงาน, โซเชียลมีเดีย","Facebook, Facebook Messenger",1 - 3 ชั่วโมง,จำเป็นมากที่สุด,Samsung,ราคา,5,ไม่สามารถสัมผัสหรือลองสินค้าได้จริง,"15,001 - 20,000 บาท",พนักงานข้าราชการ
หญิง,33-40 ปี,สมรส,"ถ่ายรูป ถ่ายวีดีโอ, ติดต่อสื่อสาร / ประชุมงาน, โซเชียลมีเดีย","Facebook, Facebook Messenger",1 - 3 ชั่วโมง,จำเป็นมากที่สุด,Samsung,ราคา,5,ไม่สามารถสัมผัสหรือลองสินค้าได้จริง,"15,001 - 20,000 บาท",พนักงานข้าราชการ
หญิง,33-40 ปี,สมรส,"ถ่ายรูป ถ่ายวีดีโอ, ติดต่อสื่อสาร / ประชุมงาน, โซเชียลมีเดีย","Facebook, Facebook Messenger",1 - 3 ชั่วโมง,จำเป็นมากที่สุด,Samsung,ราคา,5,ไม่สามารถสัมผัสหรือลองสินค้าได้จริง,"15,001 - 20,000 บาท",พนักงานข้าราชการ
หญิง,33-40 ปี,สมรส,"ถ่ายรูป ถ่ายวีดีโอ, ติดต่อสื่อสาร / ประชุมงาน, โซเชียลมีเดีย","Facebook, Facebook Messenger",1 - 3 ชั่วโมง,จำเป็นมากที่สุด,Samsung,ราคา,5,ไม่สามารถสัมผัสหรือลองสินค้าได้จริง,"15,001 - 20,000 บาท",พนักงานข้าราชการ
หญิง,33-40 ปี,สมรส,"ถ่ายรูป ถ่ายวีดีโอ, ติดต่อสื่อสาร / ประชุมงาน, โซเชียลมีเดีย","Facebook, Facebook Messenger",1 - 3 ชั่วโมง,จำเป็นมากที่สุด,Samsung,ราคา,5,ไม่สามารถสัมผัสหรือลองสินค้าได้จริง,"15,001 - 20,000 บาท",พนักงานข้าราชการ
หญิง,33-40 ปี,สมรส,"ถ่ายรูป ถ่ายวีดีโอ, ติดต่อสื่อสาร / ประชุมงาน, โซเชียลมีเดีย","Facebook, Facebook Messenger",1 - 3 ชั่วโมง,จำเป็นมากที่สุด,Samsung,ราคา,5,ไม่สามารถสัมผัสหรือลองสินค้าได้จริง,"15,001 - 20,000 บาท",พนักงานข้าราชการ
หญิง,33-40 ปี,สมรส,"ถ่ายรูป ถ่ายวีดีโอ, ติดต่อสื่อสาร / ประชุมงาน, โซเชียลมีเดีย","Facebook, Facebook Messenger",1 - 3 ชั่วโมง,จำเป็นมากที่สุด,Samsung,ราคา,5,ไม่สามารถสัมผัสหรือลองสินค้าได้จริง,"15,001 - 20,000 บาท",พนักงานข้าราชการ
หญิง,33-40 ปี,สมรส,"ถ่ายรูป ถ่ายวีดีโอ, ติดต่อสื่อสาร / ประชุมงาน, โซเชียลมีเดีย","Facebook, Facebook Messenger",1 - 3 ชั่วโมง,จำเป็นมากที่สุด,Samsung,ราคา,5,ไม่สามารถสัมผัสหรือลองสินค้าได้จริง,"15,001 - 20,000 บาท",พนักงานข้าราชการ
หญิง,33-40 ปี,สมรส,"ถ่ายรูป ถ่ายวีดีโอ, ติดต่อสื่อสาร / ประชุมงาน, โซเชียลมีเดีย","Facebook, Facebook Messenger",1 - 3 ชั่วโมง,จำเป็นมากที่สุด,Samsung,ราคา,5,ไม่สามารถสัมผัสหรือลองสินค้าได้จริง,"15,001 - 20,000 บาท",พนักงานข้าราชการ
หญิง,33-40 ปี,สมรส,"ถ่ายรูป ถ่ายวีดีโอ, ติดต่อสื่อสาร / ประชุมงาน, โซเชียลมีเดีย","Facebook, Facebook Messenger",1 - 3 ชั่วโมง,จำเป็นมากที่สุด,Samsung,ราคา,5,ไม่สามารถสัมผัสหรือลองสินค้าได้จริง,"15,001 - 20,000 บาท",พนักงานข้าราชการ
หญิง,33-40 ปี,สมรส,"ถ่ายรูป ถ่ายวีดีโอ, ติดต่อสื่อสาร / ประชุมงาน, โซเชียลมีเดีย","Facebook, Facebook Messenger",1 - 3 ชั่วโมง,จำเป็นมากที่สุด,Samsung,ราคา,5,ไม่สามารถสัมผัสหรือลองสินค้าได้จริง,"15,001 - 20,000 บาท",พนักงานข้าราชการ
หญิง,33-40 ปี,สมรส,"ถ่ายรูป ถ่ายวีดีโอ, ติดต่อสื่อสาร / ประชุมงาน, โซเชียลมีเดีย","Facebook, Facebook Messenger",1 - 3 ชั่วโมง,จำเป็นมากที่สุด,Samsung,ราคา,5,ไม่สามารถสัมผัสหรือลองสินค้าได้จริง,"15,001 - 20,000 บาท",พนักงานข้าราชการ
หญิง,33-40 ปี,สมรส,"ถ่ายรูป ถ่ายวีดีโอ, ติดต่อสื่อสาร / ประชุมงาน, โซเชียลมีเดีย","Facebook, Facebook Messenger",1 - 3 ชั่วโมง,จำเป็นมากที่สุด,Samsung,ราคา,5,ไม่สามารถสัมผัสหรือลองสินค้าได้จริง,"15,001 - 20,000 บาท",พนักงานข้าราชการ
หญิง,33-40 ปี,สมรส,"ถ่ายรูป ถ่ายวีดีโอ, ติดต่อสื่อสาร / ประชุมงาน, โซเชียลมีเดีย","Facebook, Facebook Messenger",1 - 3 ชั่วโมง,จำเป็นมากที่สุด,Samsung,ราคา,5,ไม่สามารถสัมผัสหรือลองสินค้าได้จริง,"15,001 - 20,000 บาท",พนักงานข้าราชการ
หญิง,33-40 ปี,สมรส,"ถ่ายรูป ถ่ายวีดีโอ, ติดต่อสื่อสาร / ประชุมงาน, โซเชียลมีเดีย","Facebook, Facebook Messenger",1 - 3 ชั่วโมง,จำเป็นมากที่สุด,Samsung,ราคา,5,ไม่สามารถสัมผัสหรือลองสินค้าได้จริง,"15,001 - 20,000 บาท",พนักงานข้าราชการ
หญิง,33-40 ปี,สมรส,"ถ่ายรูป ถ่ายวีดีโอ, ติดต่อสื่อสาร / ประชุมงาน, โซเชียลมีเดีย","Facebook, Facebook Messenger",1 - 3 ชั่วโมง,จำเป็นมากที่สุด,Samsung,ราคา,5,ไม่สามารถสัมผัสหรือลองสินค้าได้จริง,"15,001 - 20,000 บาท",พนักงานข้าราชการ
หญิง,33-40 ปี,สมรส,"ถ่ายรูป ถ่ายวีดีโอ, ติดต่อสื่อสาร / ประชุมงาน, โซเชียลมีเดีย","Facebook, Facebook Messenger",1 - 3 ชั่วโมง,จำเป็นมากที่สุด,Samsung,ราคา,5,ไม่สามารถสัมผัสหรือลองสินค้าได้จริง,"15,001 - 20,000 บาท",พนักงานข้าราชการ
หญิง,33-40 ปี,สมรส,"ถ่ายรูป ถ่ายวีดีโอ, ติดต่อสื่อสาร / ประชุมงาน, โซเชียลมีเดีย","Facebook, Facebook Messenger",1 - 3 ชั่วโมง,จำเป็นมากที่สุด,Samsung,ราคา,5,ไม่สามารถสัมผัสหรือลองสินค้าได้จริง,"15,001 - 20,000 บาท",พนักงานข้าราชการ
หญิง,33-40 ปี,สมรส,"ถ่ายรูป ถ่ายวีดีโอ, ติดต่อสื่อสาร / ประชุมงาน, โซเชียลมีเดีย","Facebook, Facebook Messenger",1 - 3 ชั่วโมง,จำเป็นมากที่สุด,Samsung,ราคา,5,ไม่สามารถสัมผัสหรือลองสินค้าได้จริง,"15,001 - 20,000 บาท",พนักงานข้าราชการ
หญิง,33-40 ปี,สมรส,"ถ่ายรูป ถ่ายวีดีโอ, ติดต่อสื่อสาร / ประชุมงาน, โซเชียลมีเดีย","Facebook, Facebook Messenger",1 - 3 ชั่วโมง,จำเป็นมากที่สุด,Samsung,ราคา,5,ไม่สามารถสัมผัสหรือลองสินค้าได้จริง,"15,001 - 20,000 บาท",พนักงานข้าราชการ
หญิง,33-40 ปี,สมรส,"ถ่ายรูป ถ่ายวีดีโอ, ติดต่อสื่อสาร / ประชุมงาน, โซเชียลมีเดีย","Facebook, Facebook Messenger",1 - 3 ชั่วโมง,จำเป็นมากที่สุด,Samsung,ราคา,5,ไม่สามารถสัมผัสหรือลองสินค้าได้จริง,"15,001 - 20,000 บาท",พนักงานข้าราชการ
หญิง,33-40 ปี,สมรส,"ถ่ายรูป ถ่ายวีดีโอ, ติดต่อสื่อสาร / ประชุมงาน, โซเชียลมีเดีย","Facebook, Facebook Messenger",1 - 3 ชั่วโมง,จำเป็นมากที่สุด,Samsung,ราคา,5,ไม่สามารถสัมผัสหรือลองสินค้าได้จริง,"15,001 - 20,000 บาท",พนักงานข้าราชการ
หญิง,26-32 ปี,โสด,"ดูหนัง / ฟังเพลง, เล่นเกม, ถ่ายรูป ถ่ายวีดีโอ","Instagram, Facebook, YouTube, TikTok",3 - 5 ชั่วโมง,จำเป็นมากที่สุด,Oppo,ราคา,5,ความกังวลเกี่ยวกับความปลอดภัยของการชำระเงิน,"น้อยกว่า 15,000 บาท",พนักงานโรงงานอุตสาหกรรม
หญิง,26-32 ปี,โสด,"ดูหนัง / ฟังเพลง, เล่นเกม, ถ่ายรูป ถ่ายวีดีโอ","Instagram, Facebook, YouTube, TikTok",3 - 5 ชั่วโมง,จำเป็นมากที่สุด,Oppo,ราคา,5,ความกังวลเกี่ยวกับความปลอดภัยของการชำระเงิน,"น้อยกว่า 15,000 บาท",พนักงานโรงงานอุตสาหกรรม
หญิง,26-32 ปี,โสด,"ดูหนัง / ฟังเพลง, เล่นเกม, ถ่ายรูป ถ่ายวีดีโอ","Instagram, Facebook, YouTube, TikTok",3 - 5 ชั่วโมง,จำเป็นมากที่สุด,Oppo,ราคา,5,ความกังวลเกี่ยวกับความปลอดภัยของการชำระเงิน,"น้อยกว่า 15,000 บาท",พนักงานโรงงานอุตสาหกรรม
หญิง,26-32 ปี,โสด,"ดูหนัง / ฟังเพลง, เล่นเกม, ถ่ายรูป ถ่ายวีดีโอ","Instagram, Facebook, YouTube, TikTok",3 - 5 ชั่วโมง,จำเป็นมากที่สุด,Oppo,ราคา,5,ความกังวลเกี่ยวกับความปลอดภัยของการชำระเงิน,"น้อยกว่า 15,000 บาท",พนักงานโรงงานอุตสาหกรรม
หญิง,26-32 ปี,โสด,"ดูหนัง / ฟังเพลง, เล่นเกม, ถ่ายรูป ถ่ายวีดีโอ","Instagram, Facebook, YouTube, TikTok",3 - 5 ชั่วโมง,จำเป็นมากที่สุด,Oppo,ราคา,5,ความกังวลเกี่ยวกับความปลอดภัยของการชำระเงิน,"น้อยกว่า 15,000 บาท",พนักงานโรงงานอุตสาหกรรม
หญิง,26-32 ปี,โสด,"ดูหนัง / ฟังเพลง, เล่นเกม, ถ่ายรูป ถ่ายวีดีโอ","Instagram, Facebook, YouTube, TikTok",3 - 5 ชั่วโมง,จำเป็นมากที่สุด,Oppo,ราคา,5,ความกังวลเกี่ยวกับความปลอดภัยของการชำระเงิน,"น้อยกว่า 15,000 บาท",พนักงานโรงงานอุตสาหกรรม
หญิง,26-32 ปี,โสด,"ดูหนัง / ฟังเพลง, เล่นเกม, ถ่ายรูป ถ่ายวีดีโอ","Instagram, Facebook, YouTube, TikTok",3 - 5 ชั่วโมง,จำเป็นมากที่สุด,Oppo,ราคา,5,ความกังวลเกี่ยวกับความปลอดภัยของการชำระเงิน,"น้อยกว่า 15,000 บาท",พนักงานโรงงานอุตสาหกรรม
หญิง,26-32 ปี,โสด,"ดูหนัง / ฟังเพลง, เล่นเกม, ถ่ายรูป ถ่ายวีดีโอ","Instagram, Facebook, YouTube, TikTok",3 - 5 ชั่วโมง,จำเป็นมากที่สุด,Oppo,ราคา,5,ความกังวลเกี่ยวกับความปลอดภัยของการชำระเงิน,"น้อยกว่า 15,000 บาท",พนักงานโรงงานอุตสาหกรรม
หญิง,26-32 ปี,โสด,"ดูหนัง / ฟังเพลง, เล่นเกม, ถ่ายรูป ถ่ายวีดีโอ","Instagram, Facebook, YouTube, TikTok",3 - 5 ชั่วโมง,จำเป็นมากที่สุด,Oppo,ราคา,5,ความกังวลเกี่ยวกับความปลอดภัยของการชำระเงิน,"น้อยกว่า 15,000 บาท",พนักงานโรงงานอุตสาหกรรม
หญิง,26-32 ปี,โสด,"ดูหนัง / ฟังเพลง, เล่นเกม, ถ่ายรูป ถ่ายวีดีโอ","Instagram, Facebook, YouTube, TikTok",3 - 5 ชั่วโมง,จำเป็นมากที่สุด,Oppo,ราคา,5,ความกังวลเกี่ยวกับความปลอดภัยของการชำระเงิน,"น้อยกว่า 15,000 บาท",พนักงานโรงงานอุตสาหกรรม
หญิง,26-32 ปี,โสด,"ดูหนัง / ฟังเพลง, เล่นเกม, ถ่ายรูป ถ่ายวีดีโอ","Instagram, Facebook, YouTube, TikTok",3 - 5 ชั่วโมง,จำเป็นมากที่สุด,Oppo,ราคา,5,ความกังวลเกี่ยวกับความปลอดภัยของการชำระเงิน,"น้อยกว่า 15,000 บาท",พนักงานโรงงานอุตสาหกรรม
หญิง,26-32 ปี,โสด,"ดูหนัง / ฟังเพลง, เล่นเกม, ถ่ายรูป ถ่ายวีดีโอ","Instagram, Facebook, YouTube, TikTok",3 - 5 ชั่วโมง,จำเป็นมากที่สุด,Oppo,ราคา,5,ความกังวลเกี่ยวกับความปลอดภัยของการชำระเงิน,"น้อยกว่า 15,000 บาท",พนักงานโรงงานอุตสาหกรรม
หญิง,26-32 ปี,โสด,"ดูหนัง / ฟังเพลง, เล่นเกม, ถ่ายรูป ถ่ายวีดีโอ","Instagram, Facebook, YouTube, TikTok",3 - 5 ชั่วโมง,จำเป็นมากที่สุด,Oppo,ราคา,5,ความกังวลเกี่ยวกับความปลอดภัยของการชำระเงิน,"น้อยกว่า 15,000 บาท",พนักงานโรงงานอุตสาหกรรม
หญิง,26-32 ปี,โสด,"ดูหนัง / ฟังเพลง, เล่นเกม, ถ่ายรูป ถ่ายวีดีโอ","Instagram, Facebook, YouTube, TikTok",3 - 5 ชั่วโมง,จำเป็นมากที่สุด,Oppo,ราคา,5,ความกังวลเกี่ยวกับความปลอดภัยของการชำระเงิน,"น้อยกว่า 15,000 บาท",พนักงานโรงงานอุตสาหกรรม
หญิง,26-32 ปี,โสด,"ดูหนัง / ฟังเพลง, เล่นเกม, ถ่ายรูป ถ่ายวีดีโอ","Instagram, Facebook, YouTube, TikTok",3 - 5 ชั่วโมง,จำเป็นมากที่สุด,Oppo,ราคา,5,ความกังวลเกี่ยวกับความปลอดภัยของการชำระเงิน,"น้อยกว่า 15,000 บาท",พนักงานโรงงานอุตสาหกรรม
หญิง,26-32 ปี,โสด,"ดูหนัง / ฟังเพลง, เล่นเกม, ถ่ายรูป ถ่ายวีดีโอ","Instagram, Facebook, YouTube, TikTok",3 - 5 ชั่วโมง,จำเป็นมากที่สุด,Oppo,ราคา,5,ความกังวลเกี่ยวกับความปลอดภัยของการชำระเงิน,"น้อยกว่า 15,000 บาท",พนักงานโรงงานอุตสาหกรรม
หญิง,26-32 ปี,โสด,"ดูหนัง / ฟังเพลง, เล่นเกม, ถ่ายรูป ถ่ายวีดีโอ","Instagram, Facebook, YouTube, TikTok",3 - 5 ชั่วโมง,จำเป็นมากที่สุด,Oppo,ราคา,5,ความกังวลเกี่ยวกับความปลอดภัยของการชำระเงิน,"น้อยกว่า 15,000 บาท",พนักงานโรงงานอุตสาหกรรม
หญิง,26-32 ปี,โสด,"ดูหนัง / ฟังเพลง, เล่นเกม, ถ่ายรูป ถ่ายวีดีโอ","Instagram, Facebook, YouTube, TikTok",3 - 5 ชั่วโมง,จำเป็นมากที่สุด,Oppo,ราคา,5,ความกังวลเกี่ยวกับความปลอดภัยของการชำระเงิน,"น้อยกว่า 15,000 บาท",พนักงานโรงงานอุตสาหกรรม
หญิง,26-32 ปี,โสด,"ดูหนัง / ฟังเพลง, เล่นเกม, ถ่ายรูป ถ่ายวีดีโอ","Instagram, Facebook, YouTube, TikTok",3 - 5 ชั่วโมง,จำเป็นมากที่สุด,Oppo,ราคา,5,ความกังวลเกี่ยวกับความปลอดภัยของการชำระเงิน,"น้อยกว่า 15,000 บาท",พนักงานโรงงานอุตสาหกรรม
หญิง,26-32 ปี,โสด,"ดูหนัง / ฟังเพลง, เล่นเกม, ถ่ายรูป ถ่ายวีดีโอ","Instagram, Facebook, YouTube, TikTok",3 - 5 ชั่วโมง,จำเป็นมากที่สุด,Oppo,ราคา,5,ความกังวลเกี่ยวกับความปลอดภัยของการชำระเงิน,"น้อยกว่า 15,000 บาท",พนักงานโรงงานอุตสาหกรรม
หญิง,26-32 ปี,โสด,"ดูหนัง / ฟังเพลง, เล่นเกม, ถ่ายรูป ถ่ายวีดีโอ","Instagram, Facebook, YouTube, TikTok",3 - 5 ชั่วโมง,จำเป็นมากที่สุด,Oppo,ราคา,5,ความกังวลเกี่ยวกับความปลอดภัยของการชำระเงิน,"น้อยกว่า 15,000 บาท",พนักงานโรงงานอุตสาหกรรม
ชาย,18-25 ปี,โสด,"ดูหนัง / ฟังเพลง, เล่นเกม, โซเชียลมีเดีย","Instagram, Facebook, YouTube, Facebook Messenger, Spotify, TikTok",มากกว่า 5 ชั่วโมง,จำเป็นมากที่สุด,infinix,ฟีเจอร์สินค้า,4,ความไม่แน่นอนเกี่ยวกับการรับประกันและการบริการหลังการขาย,"น้อยกว่า 15,000 บาท",นักเรียน / นักศึกษา
ชาย,60 ปีขึ้นไป,แยกกันอยู่,"เล่นเกม, ถ่ายรูป ถ่ายวีดีโอ","Instagram, Facebook, YouTube, Snapchat, Facebook Messenger, Spotify, WhatsApp, TikTok, Telegram",มากกว่า 5 ชั่วโมง,ไม่จำเป็น,Apple,ฟีเจอร์สินค้า,4,ความล่าช้าในการจัดส่งหรือปัญหาในการจัดส่ง,"มากกว่า 50,001 บาทขึ้นไป",นักเรียน / นักศึกษา
หญิง,26-32 ปี,โสด,"ดูหนัง / ฟังเพลง, เล่นเกม, ถ่ายรูป ถ่ายวีดีโอ","Instagram, Facebook, YouTube, TikTok",3 - 5 ชั่วโมง,จำเป็นมากที่สุด,Oppo,ราคา,5,ความกังวลเกี่ยวกับความปลอดภัยของการชำระเงิน,"น้อยกว่า 15,000 บาท",พนักงานโรงงานอุตสาหกรรม
หญิง,26-32 ปี,โสด,"ดูหนัง / ฟังเพลง, เล่นเกม, ถ่ายรูป ถ่ายวีดีโอ","Instagram, Facebook, YouTube, TikTok",3 - 5 ชั่วโมง,จำเป็นมากที่สุด,Oppo,ราคา,5,ความกังวลเกี่ยวกับความปลอดภัยของการชำระเงิน,"น้อยกว่า 15,000 บาท",พนักงานโรงงานอุตสาหกรรม
หญิง,26-32 ปี,โสด,"ดูหนัง / ฟังเพลง, เล่นเกม, ถ่ายรูป ถ่ายวีดีโอ","Instagram, Facebook, YouTube, TikTok",3 - 5 ชั่วโมง,จำเป็นมากที่สุด,Oppo,ราคา,5,ความกังวลเกี่ยวกับความปลอดภัยของการชำระเงิน,"น้อยกว่า 15,000 บาท",พนักงานโรงงานอุตสาหกรรม
หญิง,26-32 ปี,โสด,"ดูหนัง / ฟังเพลง, เล่นเกม, ถ่ายรูป ถ่ายวีดีโอ","Instagram, Facebook, YouTube, TikTok",3 - 5 ชั่วโมง,จำเป็นมากที่สุด,Oppo,ราคา,5,ความกังวลเกี่ยวกับความปลอดภัยของการชำระเงิน,"น้อยกว่า 15,000 บาท",พนักงานโรงงานอุตสาหกรรม
หญิง,26-32 ปี,โสด,"ดูหนัง / ฟังเพลง, เล่นเกม, ถ่ายรูป ถ่ายวีดีโอ","Instagram, Facebook, YouTube, TikTok",3 - 5 ชั่วโมง,จำเป็นมากที่สุด,Oppo,ราคา,5,ความกังวลเกี่ยวกับความปลอดภัยของการชำระเงิน,"น้อยกว่า 15,000 บาท",พนักงานโรงงานอุตสาหกรรม
หญิง,26-32 ปี,โสด,"ดูหนัง / ฟังเพลง, เล่นเกม, ถ่ายรูป ถ่ายวีดีโอ","Instagram, Facebook, YouTube, TikTok",3 - 5 ชั่วโมง,จำเป็นมากที่สุด,Oppo,ราคา,5,ความกังวลเกี่ยวกับความปลอดภัยของการชำระเงิน,"น้อยกว่า 15,000 บาท",พนักงานโรงงานอุตสาหกรรม
หญิง,26-32 ปี,โสด,"ดูหนัง / ฟังเพลง, เล่นเกม, ถ่ายรูป ถ่ายวีดีโอ","Instagram, Facebook, YouTube, TikTok",3 - 5 ชั่วโมง,จำเป็นมากที่สุด,Oppo,ราคา,5,ความกังวลเกี่ยวกับความปลอดภัยของการชำระเงิน,"น้อยกว่า 15,000 บาท",พนักงานโรงงานอุตสาหกรรม
หญิง,26-32 ปี,โสด,"ดูหนัง / ฟังเพลง, เล่นเกม, ถ่ายรูป ถ่ายวีดีโอ","Instagram, Facebook, YouTube, TikTok",3 - 5 ชั่วโมง,จำเป็นมากที่สุด,Oppo,ราคา,5,ความกังวลเกี่ยวกับความปลอดภัยของการชำระเงิน,"น้อยกว่า 15,000 บาท",พนักงานโรงงานอุตสาหกรรม
หญิง,26-32 ปี,โสด,"ดูหนัง / ฟังเพลง, เล่นเกม, ถ่ายรูป ถ่ายวีดีโอ","Instagram, Facebook, YouTube, TikTok",3 - 5 ชั่วโมง,จำเป็นมากที่สุด,Oppo,ราคา,5,ความกังวลเกี่ยวกับความปลอดภัยของการชำระเงิน,"น้อยกว่า 15,000 บาท",พนักงานโรงงานอุตสาหกรรม
หญิง,26-32 ปี,โสด,"ดูหนัง / ฟังเพลง, เล่นเกม, ถ่ายรูป ถ่ายวีดีโอ","Instagram, Facebook, YouTube, TikTok",3 - 5 ชั่วโมง,จำเป็นมากที่สุด,Oppo,ราคา,5,ความกังวลเกี่ยวกับความปลอดภัยของการชำระเงิน,"น้อยกว่า 15,000 บาท",พนักงานโรงงานอุตสาหกรรม
หญิง,26-32 ปี,โสด,"ดูหนัง / ฟังเพลง, เล่นเกม, ถ่ายรูป ถ่ายวีดีโอ","Instagram, Facebook, YouTube, TikTok",3 - 5 ชั่วโมง,จำเป็นมากที่สุด,Oppo,ราคา,5,ความกังวลเกี่ยวกับความปลอดภัยของการชำระเงิน,"น้อยกว่า 15,000 บาท",พนักงานโรงงานอุตสาหกรรม
ชาย,18-25 ปี,นักเรียน / นักศึกษา,"ดูหนัง / ฟังเพลง, เล่นเกม, ถ่ายรูป ถ่ายวีดีโอ",TikTok,0 - 1 ชั่วโมง,จำเป็นมากที่สุด,Apple,ราคา,5,ความกังวลเกี่ยวกับความปลอดภัยของการชำระเงิน,"น้อยกว่า 15,000 บาท",นักเรียน / นักศึกษา
หญิง,18-25 ปี,นักเรียน / นักศึกษา,"ดูหนัง / ฟังเพลง, เล่นเกม, ถ่ายรูป ถ่ายวีดีโอ",Instagram,มากกว่า 5 ชั่วโมง,จำเป็นมากที่สุด,Apple,ฟีเจอร์สินค้า,4,ความกังวลเกี่ยวกับความปลอดภัยของการชำระเงิน,"น้อยกว่า 15,000 บาท",นักเรียน / นักศึกษา
หญิง,18-25 ปี,โสด,"ติดต่อสื่อสาร / ประชุมงาน, โซเชียลมีเดีย",Instagram,1 - 3 ชั่วโมง,จำเป็น,Apple,ฟีเจอร์สินค้า,4,ความไม่แน่นอนเกี่ยวกับการรับประกันและการบริการหลังการขาย,"15,001 - 20,000 บาท",นักเรียน / นักศึกษา
หญิง,18-25 ปี,โสด,"ติดต่อสื่อสาร / ประชุมงาน, โซเชียลมีเดีย",Instagram,1 - 3 ชั่วโมง,จำเป็น,Apple,ฟีเจอร์สินค้า,4,ไม่สามารถสัมผัสหรือลองสินค้าได้จริง,"15,001 - 20,000 บาท",นักเรียน / นักศึกษา
Lgbtq+,18-25 ปี,โสด,"ดูหนัง / ฟังเพลง, ถ่ายรูป ถ่ายวีดีโอ, โซเชียลมีเดีย",Instagram,3 - 5 ชั่วโมง,จำเป็นมากที่สุด,XIAOMI,รีวิวสินค้า,4,ไม่สามารถสัมผัสหรือลองสินค้าได้จริง,"น้อยกว่า 15,000 บาท",นักเรียน / นักศึกษา
หญิง,18-25 ปี,โสด,"ดูหนัง / ฟังเพลง, เล่นเกม, ติดต่อสื่อสาร / ประชุมงาน",TikTok,มากกว่า 5 ชั่วโมง,จำเป็นมากที่สุด,Samsung,ราคา,5,ความไม่แน่นอนเกี่ยวกับการรับประกันและการบริการหลังการขาย,"น้อยกว่า 15,000 บาท",นักเรียน / นักศึกษา
หญิง,18-25 ปี,โสด,"ดูหนัง / ฟังเพลง, ติดต่อสื่อสาร / ประชุมงาน, โซเชียลมีเดีย",Facebook Messenger,มากกว่า 5 ชั่วโมง,จำเป็นมากที่สุด,Samsung,รีวิวสินค้า,5,ไม่สามารถสัมผัสหรือลองสินค้าได้จริง,"น้อยกว่า 15,000 บาท",นักเรียน / นักศึกษา
หญิง,18-25 ปี,โสด,"ดูหนัง / ฟังเพลง, เล่นเกม, Appication บน cloud",Instagram,3 - 5 ชั่วโมง,จำเป็น,Samsung,ฟีเจอร์สินค้า,3,ความกังวลเกี่ยวกับความปลอดภัยของการชำระเงิน,"น้อยกว่า 15,000 บาท",นักเรียน / นักศึกษา
หญิง,18-25 ปี,โสด,"Appication บน cloud, ติดต่อสื่อสาร / ประชุมงาน, โซเชียลมีเดีย",Facebook Messenger,1 - 3 ชั่วโมง,จำเป็น,Apple,รีวิวสินค้า,3,ความกังวลเกี่ยวกับความปลอดภัยของการชำระเงิน,"น้อยกว่า 15,000 บาท",นักเรียน / นักศึกษา
ชาย,18-25 ปี,โสด,ดูหนัง / ฟังเพลง,YouTube,1 - 3 ชั่วโมง,จำเป็น,Apple,ราคา,3,ความไม่แน่นอนเกี่ยวกับการรับประกันและการบริการหลังการขาย,"20,001 - 30,000 บาท",พนักงานบริษัทเอกชน
Lgbtq+,18-25 ปี,โสด,"ดูหนัง / ฟังเพลง, ถ่ายรูป ถ่ายวีดีโอ, โซเชียลมีเดีย",Instagram,3 - 5 ชั่วโมง,จำเป็นมากที่สุด,Apple,ฟีเจอร์สินค้า,5,ความไม่แน่นอนเกี่ยวกับการรับประกันและการบริการหลังการขาย,"20,001 - 30,000 บาท",นักเรียน / นักศึกษา
ชาย,18-25 ปี,โสด,"ดูหนัง / ฟังเพลง, เล่นเกม, โซเชียลมีเดีย",Instagram,มากกว่า 5 ชั่วโมง,จำเป็นมากที่สุด,Apple,ฟีเจอร์สินค้า,4,ไม่สามารถสัมผัสหรือลองสินค้าได้จริง,"น้อยกว่า 15,000 บาท",นักเรียน / นักศึกษา
หญิง,18-25 ปี,โสด,"ดูหนัง / ฟังเพลง, เล่นเกม, โซเชียลมีเดีย",Facebook,3 - 5 ชั่วโมง,จำเป็นมากที่สุด,Samsung,รีวิวสินค้า,4,ความไม่แน่นอนเกี่ยวกับการรับประกันและการบริการหลังการขาย,"น้อยกว่า 15,000 บาท",นักเรียน / นักศึกษา
ชาย,18-25 ปี,โสด,"ดูหนัง / ฟังเพลง, ถ่ายรูป ถ่ายวีดีโอ, ติดต่อสื่อสาร / ประชุมงาน",Instagram,3 - 5 ชั่วโมง,จำเป็นมากที่สุด,Apple,ฟีเจอร์สินค้า,4,ความไม่แน่นอนเกี่ยวกับการรับประกันและการบริการหลังการขาย,"15,001 - 20,000 บาท",นักเรียน / นักศึกษา
หญิง,18-25 ปี,โสด,"ดูหนัง / ฟังเพลง, โซเชียลมีเดีย",Facebook Messenger,มากกว่า 5 ชั่วโมง,จำเป็นมากที่สุด,Apple,ฟีเจอร์สินค้า,4,ไม่สามารถสัมผัสหรือลองสินค้าได้จริง,"น้อยกว่า 15,000 บาท",นักเรียน / นักศึกษา
หญิง,18-25 ปี,โสด,"ดูหนัง / ฟังเพลง, ถ่ายรูป ถ่ายวีดีโอ, โซเชียลมีเดีย",TikTok,มากกว่า 5 ชั่วโมง,จำเป็นมากที่สุด,Apple,ฟีเจอร์สินค้า,4,ความกังวลเกี่ยวกับความปลอดภัยของการชำระเงิน,"น้อยกว่า 15,000 บาท",นักเรียน / นักศึกษา
หญิง,18-25 ปี,โสด,"ดูหนัง / ฟังเพลง, เล่นเกม, โซเชียลมีเดีย",Instagram,3 - 5 ชั่วโมง,จำเป็นมากที่สุด,Apple,ฟีเจอร์สินค้า,5,ไม่สามารถสัมผัสหรือลองสินค้าได้จริง,"15,001 - 20,000 บาท",นักเรียน / นักศึกษา
ชาย,18-25 ปี,โสด,"ดูหนัง / ฟังเพลง, เล่นเกม, ถ่ายรูป ถ่ายวีดีโอ",Facebook,มากกว่า 5 ชั่วโมง,จำเป็นมากที่สุด,realme,ฟีเจอร์สินค้า,5,ความไม่แน่นอนเกี่ยวกับการรับประกันและการบริการหลังการขาย,"น้อยกว่า 15,000 บาท",นักเรียน / นักศึกษา
หญิง,18-25 ปี,โสด,"ดูหนัง / ฟังเพลง, เล่นเกม, ติดต่อสื่อสาร / ประชุมงาน",Instagram,มากกว่า 5 ชั่วโมง,จำเป็น,Apple,ฟีเจอร์สินค้า,3,ไม่สามารถสัมผัสหรือลองสินค้าได้จริง,"น้อยกว่า 15,000 บาท",นักเรียน / นักศึกษา
ชาย,18-25 ปี,โสด,"ดูหนัง / ฟังเพลง, เล่นเกม, โซเชียลมีเดีย",YouTube,3 - 5 ชั่วโมง,จำเป็น,Samsung,ฟีเจอร์สินค้า,1,ไม่สามารถสัมผัสหรือลองสินค้าได้จริง,"น้อยกว่า 15,000 บาท",นักเรียน / นักศึกษา
หญิง,18-25 ปี,โสด,"ดูหนัง / ฟังเพลง, ถ่ายรูป ถ่ายวีดีโอ, ติดต่อสื่อสาร / ประชุมงาน",TikTok,3 - 5 ชั่วโมง,จำเป็นมากที่สุด,Vivo,ฟีเจอร์สินค้า,4,ความไม่แน่นอนเกี่ยวกับการรับประกันและการบริการหลังการขาย,"น้อยกว่า 15,000 บาท",นักเรียน / นักศึกษา
ชาย,18-25 ปี,โสด,"ดูหนัง / ฟังเพลง, เล่นเกม, โซเชียลมีเดีย",YouTube,3 - 5 ชั่วโมง,จำเป็นมากที่สุด,Apple,รีวิวสินค้า,5,ความไม่แน่นอนเกี่ยวกับการรับประกันและการบริการหลังการขาย,"น้อยกว่า 15,000 บาท",นักเรียน / นักศึกษา
ชาย,18-25 ปี,โสด,"ดูหนัง / ฟังเพลง, เล่นเกม, โซเชียลมีเดีย",Facebook,มากกว่า 5 ชั่วโมง,จำเป็นมากที่สุด,Redmi,ราคา,5,ความล่าช้าในการจัดส่งหรือปัญหาในการจัดส่ง,"น้อยกว่า 15,000 บาท",นักเรียน / นักศึกษา
ชาย,18-25 ปี,โสด,เล่นเกม,Instagram,มากกว่า 5 ชั่วโมง,จำเป็น,Apple,ฟีเจอร์สินค้า,5,ความกังวลเกี่ยวกับความปลอดภัยของการชำระเงิน,"มากกว่า 50,001 บาทขึ้นไป",นักเรียน / นักศึกษา
ชาย,18-25 ปี,โสด,"ดูหนัง / ฟังเพลง, ติดต่อสื่อสาร / ประชุมงาน, โซเชียลมีเดีย",YouTube,3 - 5 ชั่วโมง,จำเป็นมากที่สุด,Vivo,ฟีเจอร์สินค้า,4,ความไม่แน่นอนเกี่ยวกับการรับประกันและการบริการหลังการขาย,"น้อยกว่า 15,000 บาท",นักเรียน / นักศึกษา
ชาย,18-25 ปี,โสด,"ดูหนัง / ฟังเพลง, เล่นเกม, โซเชียลมีเดีย",YouTube,มากกว่า 5 ชั่วโมง,จำเป็นมากที่สุด,Oppo,ราคา,3,ความล่าช้าในการจัดส่งหรือปัญหาในการจัดส่ง,"น้อยกว่า 15,000 บาท",นักเรียน / นักศึกษา
ชาย,18-25 ปี,โสด,"ดูหนัง / ฟังเพลง, ถ่ายรูป ถ่ายวีดีโอ, ติดต่อสื่อสาร / ประชุมงาน",Facebook,มากกว่า 5 ชั่วโมง,จำเป็นมากที่สุด,Samsung,รีวิวสินค้า,4,ความไม่แน่นอนเกี่ยวกับการรับประกันและการบริการหลังการขาย,"น้อยกว่า 15,000 บาท",นักเรียน / นักศึกษา
ชาย,18-25 ปี,โสด,"เล่นเกม, ถ่ายรูป ถ่ายวีดีโอ, Appication บน cloud",Telegram,มากกว่า 5 ชั่วโมง,จำเป็น,Oppo,ราคา,4,ความไม่แน่นอนเกี่ยวกับการรับประกันและการบริการหลังการขาย,"น้อยกว่า 15,000 บาท",นักเรียน / นักศึกษา
ชาย,18-25 ปี,โสด,"ดูหนัง / ฟังเพลง, ติดต่อสื่อสาร / ประชุมงาน, โซเชียลมีเดีย",YouTube,3 - 5 ชั่วโมง,จำเป็น,Samsung,ฟีเจอร์สินค้า,4,ไม่สามารถสัมผัสหรือลองสินค้าได้จริง,"15,001 - 20,000 บาท",นักเรียน / นักศึกษา
ชาย,18-25 ปี,โสด,"ดูหนัง / ฟังเพลง, เล่นเกม, ติดต่อสื่อสาร / ประชุมงาน",Facebook,3 - 5 ชั่วโมง,จำเป็น,Oppo,ฟีเจอร์สินค้า,3,ไม่สามารถสัมผัสหรือลองสินค้าได้จริง,"น้อยกว่า 15,000 บาท",นักเรียน / นักศึกษา
ชาย,18-25 ปี,โสด,"ดูหนัง / ฟังเพลง, เล่นเกม, ติดต่อสื่อสาร / ประชุมงาน",YouTube,มากกว่า 5 ชั่วโมง,จำเป็น,Vivo,ราคา,4,ความไม่แน่นอนเกี่ยวกับการรับประกันและการบริการหลังการขาย,"น้อยกว่า 15,000 บาท",นักเรียน / นักศึกษา
ชาย,18-25 ปี,โสด,"ดูหนัง / ฟังเพลง, เล่นเกม, Appication บน cloud",YouTube,มากกว่า 5 ชั่วโมง,จำเป็น,Apple,ฟีเจอร์สินค้า,4,ความไม่แน่นอนเกี่ยวกับการรับประกันและการบริการหลังการขาย,"น้อยกว่า 15,000 บาท",นักเรียน / นักศึกษา
หญิง,18-25 ปี,โสด,"ดูหนัง / ฟังเพลง, ติดต่อสื่อสาร / ประชุมงาน, โซเชียลมีเดีย",Facebook Messenger,3 - 5 ชั่วโมง,จำเป็น,Apple,รีวิวสินค้า,4,ความล่าช้าในการจัดส่งหรือปัญหาในการจัดส่ง,"น้อยกว่า 15,000 บาท",นักเรียน / นักศึกษา
หญิง,18-25 ปี,โสด,"ดูหนัง / ฟังเพลง, โซเชียลมีเดีย",YouTube,มากกว่า 5 ชั่วโมง,จำเป็น,Apple,ฟีเจอร์สินค้า,4,ความไม่แน่นอนเกี่ยวกับการรับประกันและการบริการหลังการขาย,"น้อยกว่า 15,000 บาท",นักเรียน / นักศึกษา
ชาย,26-32 ปี,สมรส,เล่นเกม,YouTube,มากกว่า 5 ชั่วโมง,จำเป็นมากที่สุด,Apple,ราคา,5,ไม่สามารถสัมผัสหรือลองสินค้าได้จริง,"30,001 - 40,000 บาท",เจ้าของธุรกิจ/ธุรกิจส่วนตัว
หญิง,18-25 ปี,โสด,"เล่นเกม, ถ่ายรูป ถ่ายวีดีโอ, โซเชียลมีเดีย",Instagram,มากกว่า 5 ชั่วโมง,จำเป็น,Samsung,รีวิวสินค้า,5,ความล่าช้าในการจัดส่งหรือปัญหาในการจัดส่ง,"น้อยกว่า 15,000 บาท",นักเรียน / นักศึกษา
ชาย,18-25 ปี,โสด,"ดูหนัง / ฟังเพลง, เล่นเกม",Instagram,มากกว่า 5 ชั่วโมง,จำเป็นมากที่สุด,Vivo,ราคา,5,ความล่าช้าในการจัดส่งหรือปัญหาในการจัดส่ง,"น้อยกว่า 15,000 บาท",นักเรียน / นักศึกษา
ชาย,18-25 ปี,โสด,"ดูหนัง / ฟังเพลง, เล่นเกม, โซเชียลมีเดีย",Instagram,3 - 5 ชั่วโมง,จำเป็นมากที่สุด,XIAOMI,รีวิวสินค้า,4,ความกังวลเกี่ยวกับความปลอดภัยของการชำระเงิน,"น้อยกว่า 15,000 บาท",นักเรียน / นักศึกษา
ชาย,18-25 ปี,โสด,ดูหนัง / ฟังเพลง,YouTube,3 - 5 ชั่วโมง,จำเป็นมากที่สุด,XIAOMI,ราคา,3,ความกังวลเกี่ยวกับความปลอดภัยของการชำระเงิน,"น้อยกว่า 15,000 บาท",นักเรียน / นักศึกษา
หญิง,18-25 ปี,โสด,"ดูหนัง / ฟังเพลง, เล่นเกม, ถ่ายรูป ถ่ายวีดีโอ",YouTube,มากกว่า 5 ชั่วโมง,จำเป็นมากที่สุด,XIAOMI,รีวิวสินค้า,3,ไม่สามารถสัมผัสหรือลองสินค้าได้จริง,"น้อยกว่า 15,000 บาท",นักเรียน / นักศึกษา
หญิง,18-25 ปี,โสด,"ดูหนัง / ฟังเพลง, เล่นเกม, โซเชียลมีเดีย",YouTube,มากกว่า 5 ชั่วโมง,จำเป็นมากที่สุด,Apple,ฟีเจอร์สินค้า,4,ความไม่แน่นอนเกี่ยวกับการรับประกันและการบริการหลังการขาย,"น้อยกว่า 15,000 บาท",นักเรียน / นักศึกษา
หญิง,18-25 ปี,โสด,"ดูหนัง / ฟังเพลง, ถ่ายรูป ถ่ายวีดีโอ, โซเชียลมีเดีย",TikTok,3 - 5 ชั่วโมง,จำเป็นมากที่สุด,Apple,รีวิวสินค้า,3,ความไม่แน่นอนเกี่ยวกับการรับประกันและการบริการหลังการขาย,"น้อยกว่า 15,000 บาท",นักเรียน / นักศึกษา
ชาย,18-25 ปี,โสด,"ดูหนัง / ฟังเพลง, เล่นเกม, โซเชียลมีเดีย",TikTok,มากกว่า 5 ชั่วโมง,จำเป็นมากที่สุด,Samsung,ฟีเจอร์สินค้า,5,ความกังวลเกี่ยวกับความปลอดภัยของการชำระเงิน,"น้อยกว่า 15,000 บาท",นักเรียน / นักศึกษา
ชาย,18-25 ปี,โสด,"ดูหนัง / ฟังเพลง, เล่นเกม, โซเชียลมีเดีย",Facebook,3 - 5 ชั่วโมง,จำเป็นมากที่สุด,Apple,ราคา,5,ความไม่แน่นอนเกี่ยวกับการรับประกันและการบริการหลังการขาย,"น้อยกว่า 15,000 บาท",นักเรียน / นักศึกษา
หญิง,18-25 ปี,โสด,"ดูหนัง / ฟังเพลง, ติดต่อสื่อสาร / ประชุมงาน, โซเชียลมีเดีย","Instagram, YouTube, TikTok",มากกว่า 5 ชั่วโมง,จำเป็นมากที่สุด,Apple,ฟีเจอร์สินค้า,5,ไม่สามารถสัมผัสหรือลองสินค้าได้จริง,"น้อยกว่า 15,000 บาท",นักเรียน / นักศึกษา
หญิง,18-25 ปี,โสด,"Appication บน cloud, ติดต่อสื่อสาร / ประชุมงาน, โซเชียลมีเดีย","Instagram, YouTube, Facebook Messenger, TikTok",มากกว่า 5 ชั่วโมง,จำเป็นมากที่สุด,Apple,รีวิวสินค้า,5,ไม่สามารถสัมผัสหรือลองสินค้าได้จริง,"น้อยกว่า 15,000 บาท",นักเรียน / นักศึกษา
หญิง,18-25 ปี,โสด,"ดูหนัง / ฟังเพลง, ถ่ายรูป ถ่ายวีดีโอ, Appication บน cloud","Instagram, TikTok",มากกว่า 5 ชั่วโมง,จำเป็น,Apple,ฟีเจอร์สินค้า,4,ความกังวลเกี่ยวกับความปลอดภัยของการชำระเงิน,"น้อยกว่า 15,000 บาท",นักเรียน / นักศึกษา
หญิง,18-25 ปี,โสด,"ดูหนัง / ฟังเพลง, ถ่ายรูป ถ่ายวีดีโอ, ติดต่อสื่อสาร / ประชุมงาน","Instagram, YouTube, Spotify, Telegram",3 - 5 ชั่วโมง,จำเป็นมากที่สุด,Apple,ฟีเจอร์สินค้า,4,ไม่สามารถสัมผัสหรือลองสินค้าได้จริง,"น้อยกว่า 15,000 บาท",นักเรียน / นักศึกษา
หญิง,18-25 ปี,โสด,"Appication บน cloud, ติดต่อสื่อสาร / ประชุมงาน, โซเชียลมีเดีย","Instagram, Facebook, Facebook Messenger, TikTok",3 - 5 ชั่วโมง,จำเป็นมากที่สุด,Apple,ฟีเจอร์สินค้า,4,ความกังวลเกี่ยวกับความปลอดภัยของการชำระเงิน,"15,001 - 20,000 บาท",พนักงานข้าราชการ
ชาย,18-25 ปี,โสด,"ดูหนัง / ฟังเพลง, เล่นเกม, โซเชียลมีเดีย","Instagram, Facebook, YouTube, Facebook Messenger, TikTok",มากกว่า 5 ชั่วโมง,จำเป็น,Apple,ฟีเจอร์สินค้า,5,ไม่สามารถสัมผัสหรือลองสินค้าได้จริง,"น้อยกว่า 15,000 บาท",นักเรียน / นักศึกษา
ชาย,18-25 ปี,โสด,"ดูหนัง / ฟังเพลง, เล่นเกม","YouTube, TikTok",มากกว่า 5 ชั่วโมง,จำเป็นมากที่สุด,Samsung,ราคา,3,ความล่าช้าในการจัดส่งหรือปัญหาในการจัดส่ง,"น้อยกว่า 15,000 บาท",นักเรียน / นักศึกษา
ชาย,18-25 ปี,โสด,"ดูหนัง / ฟังเพลง, เล่นเกม, โซเชียลมีเดีย","Facebook, YouTube, Facebook Messenger, TikTok",3 - 5 ชั่วโมง,จำเป็นมากที่สุด,Oppo,ราคา,4,ความไม่แน่นอนเกี่ยวกับการรับประกันและการบริการหลังการขาย,"น้อยกว่า 15,000 บาท",นักเรียน / นักศึกษา
หญิง,26-32 ปี,สมรส,"ดูหนัง / ฟังเพลง, ติดต่อสื่อสาร / ประชุมงาน, โซเชียลมีเดีย","Instagram, Facebook, YouTube, Facebook Messenger",3 - 5 ชั่วโมง,จำเป็นมากที่สุด,Apple,ราคา,5,ไม่สามารถสัมผัสหรือลองสินค้าได้จริง,"20,001 - 30,000 บาท",เจ้าของธุรกิจ/ธุรกิจส่วนตัว
ชาย,18-25 ปี,โสด,"ดูหนัง / ฟังเพลง, เล่นเกม, ติดต่อสื่อสาร / ประชุมงาน","Instagram, Facebook, YouTube, Facebook Messenger, TikTok",0 - 1 ชั่วโมง,จำเป็น,XIAOMI,ฟีเจอร์สินค้า,5,ไม่สามารถสัมผัสหรือลองสินค้าได้จริง,"น้อยกว่า 15,000 บาท",นักเรียน / นักศึกษา
ชาย,18-25 ปี,โสด,"ดูหนัง / ฟังเพลง, ถ่ายรูป ถ่ายวีดีโอ, โซเชียลมีเดีย","Instagram, Facebook, YouTube, Facebook Messenger, Spotify, TikTok",1 - 3 ชั่วโมง,จำเป็น,Apple,รีวิวสินค้า,5,ไม่สามารถสัมผัสหรือลองสินค้าได้จริง,"น้อยกว่า 15,000 บาท",นักเรียน / นักศึกษา
ชาย,18-25 ปี,โสด,"ดูหนัง / ฟังเพลง, เล่นเกม, ถ่ายรูป ถ่ายวีดีโอ","Instagram, YouTube, Facebook Messenger, Spotify, TikTok",1 - 3 ชั่วโมง,จำเป็น,Realme,ฟีเจอร์สินค้า,5,ความไม่แน่นอนเกี่ยวกับการรับประกันและการบริการหลังการขาย,"น้อยกว่า 15,000 บาท",นักเรียน / นักศึกษา
ชาย,18-25 ปี,โสด,"ดูหนัง / ฟังเพลง, เล่นเกม","Instagram, Facebook, YouTube, Facebook Messenger, TikTok",มากกว่า 5 ชั่วโมง,จำเป็นมากที่สุด,Apple,ฟีเจอร์สินค้า,5,ไม่สามารถสัมผัสหรือลองสินค้าได้จริง,"น้อยกว่า 15,000 บาท",นักเรียน / นักศึกษา
ชาย,18-25 ปี,โสด,"ดูหนัง / ฟังเพลง, ติดต่อสื่อสาร / ประชุมงาน, โซเชียลมีเดีย","Instagram, Facebook, YouTube, Facebook Messenger, TikTok",1 - 3 ชั่วโมง,จำเป็นมากที่สุด,Apple,ราคา,4,ไม่สามารถสัมผัสหรือลองสินค้าได้จริง,"น้อยกว่า 15,000 บาท",นักเรียน / นักศึกษา
ชาย,18-25 ปี,โสด,"ดูหนัง / ฟังเพลง, เล่นเกม, โซเชียลมีเดีย","Instagram, Facebook, YouTube, Snapchat, Facebook Messenger, Spotify, TikTok",0 - 1 ชั่วโมง,จำเป็น,Apple,ราคา,4,ความไม่แน่นอนเกี่ยวกับการรับประกันและการบริการหลังการขาย,"น้อยกว่า 15,000 บาท",นักเรียน / นักศึกษา
ชาย,18-25 ปี,โสด,"เล่นเกม, ถ่ายรูป ถ่ายวีดีโอ, โซเชียลมีเดีย","Instagram, Facebook, YouTube, Facebook Messenger, TikTok",มากกว่า 5 ชั่วโมง,จำเป็นมากที่สุด,Apple,รีวิวสินค้า,5,ความไม่แน่นอนเกี่ยวกับการรับประกันและการบริการหลังการขาย,"น้อยกว่า 15,000 บาท",นักเรียน / นักศึกษา
ชาย,18-25 ปี,โสด,"ดูหนัง / ฟังเพลง, เล่นเกม","Instagram, Facebook, YouTube, Facebook Messenger, TikTok",มากกว่า 5 ชั่วโมง,จำเป็น,Realme ,รีวิวสินค้า,4,ความกังวลเกี่ยวกับความปลอดภัยของการชำระเงิน,"น้อยกว่า 15,000 บาท",นักเรียน / นักศึกษา
ชาย,18-25 ปี,โสด,"ดูหนัง / ฟังเพลง, เล่นเกม, โซเชียลมีเดีย","Instagram, Facebook, YouTube, Facebook Messenger, Spotify, WhatsApp, TikTok, Telegram",มากกว่า 5 ชั่วโมง,จำเป็นมากที่สุด,Apple,ราคา,4,ความกังวลเกี่ยวกับความปลอดภัยของการชำระเงิน,"น้อยกว่า 15,000 บาท",นักเรียน / นักศึกษา
ชาย,18-25 ปี,โสด,"ดูหนัง / ฟังเพลง, เล่นเกม, โซเชียลมีเดีย","Instagram, Facebook, YouTube, Facebook Messenger, TikTok",มากกว่า 5 ชั่วโมง,จำเป็นมากที่สุด,Realme,ฟีเจอร์สินค้า,5,ความล่าช้าในการจัดส่งหรือปัญหาในการจัดส่ง,"น้อยกว่า 15,000 บาท",นักเรียน / นักศึกษา
ชาย,18-25 ปี,โสด,"เล่นเกม, ถ่ายรูป ถ่ายวีดีโอ, Appication บน cloud","Instagram, Facebook, YouTube, Facebook Messenger, Spotify, TikTok, Telegram",1 - 3 ชั่วโมง,จำเป็น,Apple,รีวิวสินค้า,5,ความไม่แน่นอนเกี่ยวกับการรับประกันและการบริการหลังการขาย,"น้อยกว่า 15,000 บาท",นักเรียน / นักศึกษา
ชาย,18-25 ปี,โสด,"ถ่ายรูป ถ่ายวีดีโอ, ติดต่อสื่อสาร / ประชุมงาน, โซเชียลมีเดีย","Instagram, Facebook, Facebook Messenger, TikTok, Telegram",มากกว่า 5 ชั่วโมง,จำเป็นมากที่สุด,Apple,ราคา,4,ไม่สามารถสัมผัสหรือลองสินค้าได้จริง,"น้อยกว่า 15,000 บาท",นักเรียน / นักศึกษา
ชาย,18-25 ปี,โสด,"ดูหนัง / ฟังเพลง, เล่นเกม, โซเชียลมีเดีย","Instagram, Facebook, YouTube, Facebook Messenger, TikTok",มากกว่า 5 ชั่วโมง,จำเป็น,Apple,รีวิวสินค้า,5,ความไม่แน่นอนเกี่ยวกับการรับประกันและการบริการหลังการขาย,"น้อยกว่า 15,000 บาท",นักเรียน / นักศึกษา
หญิง,18-25 ปี,สมรส,"ดูหนัง / ฟังเพลง, ถ่ายรูป ถ่ายวีดีโอ, โซเชียลมีเดีย","Instagram, Facebook, Facebook Messenger, Spotify, TikTok",มากกว่า 5 ชั่วโมง,จำเป็นมากที่สุด,หัวเหว่ย,ราคา,5,ไม่สามารถสัมผัสหรือลองสินค้าได้จริง,"น้อยกว่า 15,000 บาท",นักเรียน / นักศึกษา
ชาย,18-25 ปี,โสด,"ดูหนัง / ฟังเพลง, เล่นเกม, โซเชียลมีเดีย","Facebook, YouTube, Facebook Messenger, Spotify",3 - 5 ชั่วโมง,จำเป็น,Apple,ราคา,4,ไม่สามารถสัมผัสหรือลองสินค้าได้จริง,"น้อยกว่า 15,000 บาท",นักเรียน / นักศึกษา
หญิง,18-25 ปี,โสด,"ดูหนัง / ฟังเพลง, ติดต่อสื่อสาร / ประชุมงาน, โซเชียลมีเดีย","Instagram, Facebook, YouTube, Facebook Messenger",มากกว่า 5 ชั่วโมง,จำเป็นมากที่สุด,XIAOMI,รีวิวสินค้า,2,ความไม่แน่นอนเกี่ยวกับการรับประกันและการบริการหลังการขาย,"น้อยกว่า 15,000 บาท",นักเรียน / นักศึกษา
ชาย,26-32 ปี,สมรส,"เล่นเกม, ถ่ายรูป ถ่ายวีดีโอ, โซเชียลมีเดีย","Instagram, Facebook, YouTube, Facebook Messenger, TikTok",มากกว่า 5 ชั่วโมง,จำเป็นมากที่สุด,Apple,ฟีเจอร์สินค้า,5,ความไม่แน่นอนเกี่ยวกับการรับประกันและการบริการหลังการขาย,"30,001 - 40,000 บาท",พนักงานข้าราชการ
หญิง,18-25 ปี,โสด,"ดูหนัง / ฟังเพลง, เล่นเกม, โซเชียลมีเดีย","Instagram, Facebook, YouTube, Facebook Messenger, Spotify, TikTok",มากกว่า 5 ชั่วโมง,จำเป็นมากที่สุด,Samsung,รีวิวสินค้า,4,ความกังวลเกี่ยวกับความปลอดภัยของการชำระเงิน,"น้อยกว่า 15,000 บาท",นักเรียน / นักศึกษา
หญิง,18-25 ปี,โสด,"ดูหนัง / ฟังเพลง, เล่นเกม, โซเชียลมีเดีย","Instagram, Facebook Messenger, TikTok",มากกว่า 5 ชั่วโมง,จำเป็นมากที่สุด,XIAOMI,ฟีเจอร์สินค้า,3,ไม่สามารถสัมผัสหรือลองสินค้าได้จริง,"น้อยกว่า 15,000 บาท",นักเรียน / นักศึกษา
หญิง,18-25 ปี,โสด,"ดูหนัง / ฟังเพลง, ถ่ายรูป ถ่ายวีดีโอ","Instagram, Facebook, YouTube, Facebook Messenger, Spotify, TikTok",มากกว่า 5 ชั่วโมง,จำเป็นมากที่สุด,Apple,ราคา,4,ความไม่แน่นอนเกี่ยวกับการรับประกันและการบริการหลังการขาย,"น้อยกว่า 15,000 บาท",นักเรียน / นักศึกษา
หญิง,18-25 ปี,โสด,"ดูหนัง / ฟังเพลง, เล่นเกม, โซเชียลมีเดีย",TikTok,3 - 5 ชั่วโมง,จำเป็น,Apple,รีวิวสินค้า,4,ความกังวลเกี่ยวกับความปลอดภัยของการชำระเงิน,"น้อยกว่า 15,000 บาท",นักเรียน / นักศึกษา
ชาย,18-25 ปี,โสด,"ดูหนัง / ฟังเพลง, เล่นเกม, โซเชียลมีเดีย","Instagram, Spotify, TikTok",มากกว่า 5 ชั่วโมง,จำเป็น,Apple,รีวิวสินค้า,4,ความกังวลเกี่ยวกับความปลอดภัยของการชำระเงิน,"น้อยกว่า 15,000 บาท",นักเรียน / นักศึกษา
หญิง,18-25 ปี,โสด,"ดูหนัง / ฟังเพลง, เล่นเกม, โซเชียลมีเดีย","Instagram, Facebook, YouTube",3 - 5 ชั่วโมง,จำเป็นมากที่สุด,Apple,ฟีเจอร์สินค้า,4,ไม่สามารถสัมผัสหรือลองสินค้าได้จริง,"น้อยกว่า 15,000 บาท",นักเรียน / นักศึกษา
ชาย,18-25 ปี,โสด,"ดูหนัง / ฟังเพลง, เล่นเกม, ถ่ายรูป ถ่ายวีดีโอ","Instagram, Facebook, YouTube, Facebook Messenger, TikTok",มากกว่า 5 ชั่วโมง,จำเป็นมากที่สุด,Apple,ฟีเจอร์สินค้า,4,ความไม่แน่นอนเกี่ยวกับการรับประกันและการบริการหลังการขาย,"น้อยกว่า 15,000 บาท",นักเรียน / นักศึกษา
หญิง,18-25 ปี,โสด,"ดูหนัง / ฟังเพลง, ถ่ายรูป ถ่ายวีดีโอ, โซเชียลมีเดีย","Instagram, YouTube, TikTok",มากกว่า 5 ชั่วโมง,จำเป็นมากที่สุด,Apple,ฟีเจอร์สินค้า,4,ไม่สามารถสัมผัสหรือลองสินค้าได้จริง,"น้อยกว่า 15,000 บาท",นักเรียน / นักศึกษา
ชาย,18-25 ปี,โสด,"ดูหนัง / ฟังเพลง, เล่นเกม, โซเชียลมีเดีย","Instagram, Facebook, YouTube, Facebook Messenger, TikTok",3 - 5 ชั่วโมง,จำเป็น,Apple,ฟีเจอร์สินค้า,4,ไม่สามารถสัมผัสหรือลองสินค้าได้จริง,"น้อยกว่า 15,000 บาท",นักเรียน / นักศึกษา
ชาย,18-25 ปี,โสด,"ดูหนัง / ฟังเพลง, ติดต่อสื่อสาร / ประชุมงาน, โซเชียลมีเดีย","Instagram, Facebook, YouTube, Facebook Messenger, TikTok",มากกว่า 5 ชั่วโมง,จำเป็นมากที่สุด,Samsung,รีวิวสินค้า,4,ไม่สามารถสัมผัสหรือลองสินค้าได้จริง,"น้อยกว่า 15,000 บาท",นักเรียน / นักศึกษา
ชาย,18-25 ปี,โสด,"ดูหนัง / ฟังเพลง, เล่นเกม","Facebook, YouTube",มากกว่า 5 ชั่วโมง,จำเป็นมากที่สุด,HUAWEI,ฟีเจอร์สินค้า,3,ไม่สามารถสัมผัสหรือลองสินค้าได้จริง,"น้อยกว่า 15,000 บาท",นักเรียน / นักศึกษา
ชาย,18-25 ปี,โสด,"ดูหนัง / ฟังเพลง, เล่นเกม, โซเชียลมีเดีย","Instagram, Facebook, YouTube, Facebook Messenger, Spotify, TikTok",มากกว่า 5 ชั่วโมง,จำเป็น,Vivo,ฟีเจอร์สินค้า,4,ความกังวลเกี่ยวกับความปลอดภัยของการชำระเงิน,"น้อยกว่า 15,000 บาท",นักเรียน / นักศึกษา
หญิง,18-25 ปี,โสด,"ดูหนัง / ฟังเพลง, ถ่ายรูป ถ่ายวีดีโอ, ติดต่อสื่อสาร / ประชุมงาน","Instagram, YouTube, Facebook Messenger, TikTok",3 - 5 ชั่วโมง,จำเป็นมากที่สุด,Apple,ราคา,5,ความกังวลเกี่ยวกับความปลอดภัยของการชำระเงิน,"15,001 - 20,000 บาท",เจ้าของธุรกิจ/ธุรกิจส่วนตัว
หญิง,18-25 ปี,โสด,ดูหนัง / ฟังเพลง,"Instagram, YouTube, TikTok",3 - 5 ชั่วโมง,จำเป็นมากที่สุด,Apple,ฟีเจอร์สินค้า,4,ความกังวลเกี่ยวกับความปลอดภัยของการชำระเงิน,"น้อยกว่า 15,000 บาท",นักเรียน / นักศึกษา
หญิง,18-25 ปี,โสด,ดูหนัง / ฟังเพลง,Instagram,มากกว่า 5 ชั่วโมง,จำเป็นมากที่สุด,Realme,ฟีเจอร์สินค้า,5,ไม่สามารถสัมผัสหรือลองสินค้าได้จริง,"น้อยกว่า 15,000 บาท",นักเรียน / นักศึกษา
ชาย,18-25 ปี,โสด,"ดูหนัง / ฟังเพลง, ติดต่อสื่อสาร / ประชุมงาน, โซเชียลมีเดีย","Instagram, Facebook, YouTube, Facebook Messenger, Spotify, TikTok, Telegram",1 - 3 ชั่วโมง,จำเป็นมากที่สุด,เครื่องคิดเลข,ฟีเจอร์สินค้า,5,ความกังวลเกี่ยวกับความปลอดภัยของการชำระเงิน,"15,001 - 20,000 บาท",นักเรียน / นักศึกษา
ชาย,18-25 ปี,โสด,"ดูหนัง / ฟังเพลง, เล่นเกม, โซเชียลมีเดีย","Instagram, Facebook, YouTube, Facebook Messenger, Spotify",มากกว่า 5 ชั่วโมง,จำเป็น,Samsung,รีวิวสินค้า,4,ไม่สามารถสัมผัสหรือลองสินค้าได้จริง,"น้อยกว่า 15,000 บาท",นักเรียน / นักศึกษา
ชาย,18-25 ปี,โสด,"ดูหนัง / ฟังเพลง, เล่นเกม, โซเชียลมีเดีย","Instagram, Facebook, YouTube, Facebook Messenger, TikTok",มากกว่า 5 ชั่วโมง,จำเป็น,XIAOMI,ฟีเจอร์สินค้า,3,ไม่สามารถสัมผัสหรือลองสินค้าได้จริง,"น้อยกว่า 15,000 บาท",นักเรียน / นักศึกษา
ชาย,18-25 ปี,โสด,"ดูหนัง / ฟังเพลง, เล่นเกม, โซเชียลมีเดีย","Facebook, YouTube, Facebook Messenger",3 - 5 ชั่วโมง,จำเป็น,Samsung,ราคา,4,ความกังวลเกี่ยวกับความปลอดภัยของการชำระเงิน,"น้อยกว่า 15,000 บาท",นักเรียน / นักศึกษา
หญิง,33-40 ปี,สมรส,"ดูหนัง / ฟังเพลง, ถ่ายรูป ถ่ายวีดีโอ, ติดต่อสื่อสาร / ประชุมงาน","Facebook, YouTube, Facebook Messenger, TikTok",มากกว่า 5 ชั่วโมง,จำเป็นมากที่สุด,Huawei,ฟีเจอร์สินค้า,4,ไม่สามารถสัมผัสหรือลองสินค้าได้จริง,"20,001 - 30,000 บาท",พนักงานบริษัทเอกชน
ชาย,18-25 ปี,โสด,"ดูหนัง / ฟังเพลง, เล่นเกม, โซเชียลมีเดีย","Instagram, Facebook, Facebook Messenger, TikTok, Telegram",มากกว่า 5 ชั่วโมง,จำเป็น,Oppo,ฟีเจอร์สินค้า,3,ความไม่แน่นอนเกี่ยวกับการรับประกันและการบริการหลังการขาย,"น้อยกว่า 15,000 บาท",นักเรียน / นักศึกษา
ชาย,18-25 ปี,โสด,"ดูหนัง / ฟังเพลง, เล่นเกม, ติดต่อสื่อสาร / ประชุมงาน","Instagram, Facebook, YouTube, Facebook Messenger, TikTok, Telegram",มากกว่า 5 ชั่วโมง,จำเป็นมากที่สุด,XIAOMI,ฟีเจอร์สินค้า,2,ความไม่แน่นอนเกี่ยวกับการรับประกันและการบริการหลังการขาย,"น้อยกว่า 15,000 บาท",นักเรียน / นักศึกษา
หญิง,18-25 ปี,โสด,"ดูหนัง / ฟังเพลง, ถ่ายรูป ถ่ายวีดีโอ, โซเชียลมีเดีย","Instagram, YouTube, TikTok",มากกว่า 5 ชั่วโมง,จำเป็นมากที่สุด,Apple,ฟีเจอร์สินค้า,4,ไม่สามารถสัมผัสหรือลองสินค้าได้จริง,"น้อยกว่า 15,000 บาท",นักเรียน / นักศึกษา
หญิง,18-25 ปี,โสด,"ดูหนัง / ฟังเพลง, ติดต่อสื่อสาร / ประชุมงาน, โซเชียลมีเดีย","Instagram, Facebook, YouTube, Facebook Messenger, Spotify, TikTok",มากกว่า 5 ชั่วโมง,จำเป็น,Samsung,รีวิวสินค้า,4,ความไม่แน่นอนเกี่ยวกับการรับประกันและการบริการหลังการขาย,"น้อยกว่า 15,000 บาท",นักเรียน / นักศึกษา
ชาย,18-25 ปี,โสด,"ดูหนัง / ฟังเพลง, เล่นเกม, โซเชียลมีเดีย","Instagram, Facebook, YouTube, Facebook Messenger, TikTok",มากกว่า 5 ชั่วโมง,จำเป็นมากที่สุด,Apple,ฟีเจอร์สินค้า,5,ความไม่แน่นอนเกี่ยวกับการรับประกันและการบริการหลังการขาย,"น้อยกว่า 15,000 บาท",นักเรียน / นักศึกษา
หญิง,18-25 ปี,โสด,"ดูหนัง / ฟังเพลง, ถ่ายรูป ถ่ายวีดีโอ, โซเชียลมีเดีย","Instagram, YouTube, Spotify, TikTok",3 - 5 ชั่วโมง,จำเป็นมากที่สุด,Apple,ฟีเจอร์สินค้า,5,ความกังวลเกี่ยวกับความปลอดภัยของการชำระเงิน,"น้อยกว่า 15,000 บาท",นักเรียน / นักศึกษา
หญิง,18-25 ปี,โสด,"ดูหนัง / ฟังเพลง, ถ่ายรูป ถ่ายวีดีโอ, โซเชียลมีเดีย","Instagram, TikTok",มากกว่า 5 ชั่วโมง,จำเป็นมากที่สุด,Apple,รีวิวสินค้า,5,ไม่สามารถสัมผัสหรือลองสินค้าได้จริง,"น้อยกว่า 15,000 บาท",นักเรียน / นักศึกษา
หญิง,18-25 ปี,โสด,"ดูหนัง / ฟังเพลง, ถ่ายรูป ถ่ายวีดีโอ, โซเชียลมีเดีย","Instagram, Facebook, YouTube, Facebook Messenger, Spotify, TikTok",มากกว่า 5 ชั่วโมง,จำเป็น,Apple,ฟีเจอร์สินค้า,4,ความกังวลเกี่ยวกับความปลอดภัยของการชำระเงิน,"น้อยกว่า 15,000 บาท",นักเรียน / นักศึกษา
หญิง,18-25 ปี,โสด,"ดูหนัง / ฟังเพลง, ถ่ายรูป ถ่ายวีดีโอ, โซเชียลมีเดีย","Instagram, TikTok",มากกว่า 5 ชั่วโมง,จำเป็นมากที่สุด,Apple,รีวิวสินค้า,4,ความกังวลเกี่ยวกับความปลอดภัยของการชำระเงิน,"น้อยกว่า 15,000 บาท",นักเรียน / นักศึกษา
หญิง,18-25 ปี,โสด,"ดูหนัง / ฟังเพลง, เล่นเกม, โซเชียลมีเดีย","Instagram, Facebook, YouTube, Facebook Messenger, TikTok, Line",มากกว่า 5 ชั่วโมง,จำเป็น,Oppo,รีวิวสินค้า,5,ไม่สามารถสัมผัสหรือลองสินค้าได้จริง,"น้อยกว่า 15,000 บาท",นักเรียน / นักศึกษา
หญิง,18-25 ปี,โสด,"Appication บน cloud, ติดต่อสื่อสาร / ประชุมงาน, โซเชียลมีเดีย","Instagram, Facebook, Facebook Messenger, TikTok, LINE",มากกว่า 5 ชั่วโมง,จำเป็นมากที่สุด,Apple,ราคา,5,ไม่สามารถสัมผัสหรือลองสินค้าได้จริง,"20,001 - 30,000 บาท",นักเรียน / นักศึกษา
หญิง,18-25 ปี,โสด,"ดูหนัง / ฟังเพลง, เล่นเกม, โซเชียลมีเดีย","Instagram, Facebook, YouTube, Facebook Messenger, Spotify, TikTok",มากกว่า 5 ชั่วโมง,จำเป็นมากที่สุด,Samsung,ฟีเจอร์สินค้า,5,ความไม่แน่นอนเกี่ยวกับการรับประกันและการบริการหลังการขาย,"น้อยกว่า 15,000 บาท",นักเรียน / นักศึกษา
หญิง,26-32 ปี,โสด,"ดูหนัง / ฟังเพลง, เล่นเกม, ถ่ายรูป ถ่ายวีดีโอ","Instagram, Facebook, YouTube, Facebook Messenger, TikTok",1 - 3 ชั่วโมง,จำเป็น,Apple,รีวิวสินค้า,4,ความกังวลเกี่ยวกับความปลอดภัยของการชำระเงิน,"น้อยกว่า 15,000 บาท",เจ้าของธุรกิจ/ธุรกิจส่วนตัว
หญิง,18-25 ปี,โสด,"ดูหนัง / ฟังเพลง, โซเชียลมีเดีย","Instagram, YouTube",มากกว่า 5 ชั่วโมง,จำเป็นมากที่สุด,Apple,ฟีเจอร์สินค้า,5,ความกังวลเกี่ยวกับความปลอดภัยของการชำระเงิน,"20,001 - 30,000 บาท",นักเรียน / นักศึกษา
หญิง,26-32 ปี,โสด,"ถ่ายรูป ถ่ายวีดีโอ, ติดต่อสื่อสาร / ประชุมงาน, โซเชียลมีเดีย","Instagram, Facebook, YouTube, Facebook Messenger, Spotify, TikTok",มากกว่า 5 ชั่วโมง,จำเป็น,Apple,รีวิวสินค้า,4,ไม่สามารถสัมผัสหรือลองสินค้าได้จริง,"20,001 - 30,000 บาท",เจ้าของธุรกิจ/ธุรกิจส่วนตัว
ชาย,18-25 ปี,โสด,"ดูหนัง / ฟังเพลง, เล่นเกม, โซเชียลมีเดีย","Instagram, Facebook, YouTube, Facebook Messenger, Telegram",3 - 5 ชั่วโมง,จำเป็น,XIAOMI,ราคา,4,ความไม่แน่นอนเกี่ยวกับการรับประกันและการบริการหลังการขาย,"น้อยกว่า 15,000 บาท",นักเรียน / นักศึกษา
หญิง,18-25 ปี,โสด,"ดูหนัง / ฟังเพลง, ถ่ายรูป ถ่ายวีดีโอ","Instagram, Facebook, YouTube, TikTok",มากกว่า 5 ชั่วโมง,จำเป็นมากที่สุด,Apple,ราคา,4,ความกังวลเกี่ยวกับความปลอดภัยของการชำระเงิน,"น้อยกว่า 15,000 บาท",นักเรียน / นักศึกษา
หญิง,18-25 ปี,โสด,"ดูหนัง / ฟังเพลง, เล่นเกม, โซเชียลมีเดีย","Instagram, Facebook, YouTube, Facebook Messenger, Spotify, TikTok",3 - 5 ชั่วโมง,จำเป็นมากที่สุด,Apple,รีวิวสินค้า,5,ไม่สามารถสัมผัสหรือลองสินค้าได้จริง,"น้อยกว่า 15,000 บาท",นักเรียน / นักศึกษา
หญิง,18-25 ปี,โสด,"ดูหนัง / ฟังเพลง, เล่นเกม, โซเชียลมีเดีย","Instagram, Facebook, YouTube, Facebook Messenger, Spotify, TikTok",3 - 5 ชั่วโมง,จำเป็นมากที่สุด,Apple,รีวิวสินค้า,5,ไม่สามารถสัมผัสหรือลองสินค้าได้จริง,"น้อยกว่า 15,000 บาท",นักเรียน / นักศึกษา
หญิง,18-25 ปี,โสด,"ดูหนัง / ฟังเพลง, ถ่ายรูป ถ่ายวีดีโอ","Instagram, Facebook, YouTube, TikTok",มากกว่า 5 ชั่วโมง,จำเป็นมากที่สุด,Apple,ราคา,4,ความกังวลเกี่ยวกับความปลอดภัยของการชำระเงิน,"น้อยกว่า 15,000 บาท",นักเรียน / นักศึกษา
ชาย,18-25 ปี,โสด,"ดูหนัง / ฟังเพลง, เล่นเกม, โซเชียลมีเดีย","Instagram, Facebook Messenger, TikTok",1 - 3 ชั่วโมง,จำเป็น,Vivo,รีวิวสินค้า,4,ไม่สามารถสัมผัสหรือลองสินค้าได้จริง,"15,001 - 20,000 บาท",เจ้าของธุรกิจ/ธุรกิจส่วนตัว
ชาย,18-25 ปี,โสด,"ดูหนัง / ฟังเพลง, เล่นเกม, โซเชียลมีเดีย","Instagram, Facebook, YouTube, Facebook Messenger, Spotify, TikTok, Telegram",มากกว่า 5 ชั่วโมง,จำเป็นมากที่สุด,XIAOMI,ราคา,4,ความไม่แน่นอนเกี่ยวกับการรับประกันและการบริการหลังการขาย,"น้อยกว่า 15,000 บาท",นักเรียน / นักศึกษา
ชาย,18-25 ปี,โสด,"ดูหนัง / ฟังเพลง, ถ่ายรูป ถ่ายวีดีโอ","Instagram, Facebook, YouTube, Facebook Messenger, TikTok",มากกว่า 5 ชั่วโมง,จำเป็น,Apple,ราคา,4,ความไม่แน่นอนเกี่ยวกับการรับประกันและการบริการหลังการขาย,"น้อยกว่า 15,000 บาท",นักเรียน / นักศึกษา
หญิง,18-25 ปี,โสด,"ดูหนัง / ฟังเพลง, ติดต่อสื่อสาร / ประชุมงาน, โซเชียลมีเดีย","Instagram, Facebook, YouTube, Facebook Messenger, TikTok",มากกว่า 5 ชั่วโมง,จำเป็นมากที่สุด,Apple,ฟีเจอร์สินค้า,4,ความกังวลเกี่ยวกับความปลอดภัยของการชำระเงิน,"น้อยกว่า 15,000 บาท",นักเรียน / นักศึกษา
หญิง,18-25 ปี,โสด,"ดูหนัง / ฟังเพลง, เล่นเกม, ถ่ายรูป ถ่ายวีดีโอ","Instagram, Facebook, YouTube, Facebook Messenger, Spotify, TikTok",มากกว่า 5 ชั่วโมง,จำเป็นมากที่สุด,Samsung,ราคา,5,ความไม่แน่นอนเกี่ยวกับการรับประกันและการบริการหลังการขาย,"น้อยกว่า 15,000 บาท",นักเรียน / นักศึกษา
ชาย,18-25 ปี,โสด,"ดูหนัง / ฟังเพลง, เล่นเกม, โซเชียลมีเดีย","Instagram, Facebook, YouTube, Facebook Messenger, TikTok, Telegram",มากกว่า 5 ชั่วโมง,จำเป็นมากที่สุด,Apple,ฟีเจอร์สินค้า,5,ไม่สามารถสัมผัสหรือลองสินค้าได้จริง,"น้อยกว่า 15,000 บาท",นักเรียน / นักศึกษา
ชาย,26-32 ปี,โสด,"ดูหนัง / ฟังเพลง, ติดต่อสื่อสาร / ประชุมงาน, โซเชียลมีเดีย","Instagram, Facebook, YouTube, Facebook Messenger, TikTok",มากกว่า 5 ชั่วโมง,จำเป็น,Samsung,ฟีเจอร์สินค้า,4,ความไม่แน่นอนเกี่ยวกับการรับประกันและการบริการหลังการขาย,"30,001 - 40,000 บาท",เจ้าของธุรกิจ/ธุรกิจส่วนตัว
ชาย,18-25 ปี,โสด,"ดูหนัง / ฟังเพลง, เล่นเกม, โซเชียลมีเดีย","Instagram, Facebook, YouTube, Facebook Messenger, TikTok",มากกว่า 5 ชั่วโมง,จำเป็นมากที่สุด,Samsung,รีวิวสินค้า,3,ความไม่แน่นอนเกี่ยวกับการรับประกันและการบริการหลังการขาย,"น้อยกว่า 15,000 บาท",นักเรียน / นักศึกษา
ชาย,26-32 ปี,โสด,"ดูหนัง / ฟังเพลง, ติดต่อสื่อสาร / ประชุมงาน, โซเชียลมีเดีย","Instagram, Facebook, YouTube, Facebook Messenger, TikTok",มากกว่า 5 ชั่วโมง,จำเป็น,Samsung,ฟีเจอร์สินค้า,4,ความล่าช้าในการจัดส่งหรือปัญหาในการจัดส่ง,"20,001 - 30,000 บาท",เจ้าของธุรกิจ/ธุรกิจส่วนตัว
ชาย,26-32 ปี,โสด,"ดูหนัง / ฟังเพลง, เล่นเกม",YouTube,มากกว่า 5 ชั่วโมง,จำเป็น,Apple,ฟีเจอร์สินค้า,4,ความกังวลเกี่ยวกับความปลอดภัยของการชำระเงิน,"15,001 - 20,000 บาท",เจ้าของธุรกิจ/ธุรกิจส่วนตัว
ชาย,18-25 ปี,โสด,"ดูหนัง / ฟังเพลง, เล่นเกม","Instagram, Facebook, YouTube, Facebook Messenger, TikTok",มากกว่า 5 ชั่วโมง,จำเป็นมากที่สุด,Apple,ฟีเจอร์สินค้า,5,ไม่สามารถสัมผัสหรือลองสินค้าได้จริง,"น้อยกว่า 15,000 บาท",นักเรียน / นักศึกษา
ชาย,18-25 ปี,โสด,"ดูหนัง / ฟังเพลง, เล่นเกม, ถ่ายรูป ถ่ายวีดีโอ","Instagram, Facebook, TikTok",มากกว่า 5 ชั่วโมง,จำเป็นมากที่สุด,Apple,ฟีเจอร์สินค้า,4,ไม่สามารถสัมผัสหรือลองสินค้าได้จริง,"น้อยกว่า 15,000 บาท",นักเรียน / นักศึกษา
ชาย,18-25 ปี,โสด,"ดูหนัง / ฟังเพลง, เล่นเกม, ถ่ายรูป ถ่ายวีดีโอ","Instagram, Facebook, YouTube, Facebook Messenger, Spotify, TikTok",3 - 5 ชั่วโมง,จำเป็น,Apple,ราคา,5,ความกังวลเกี่ยวกับความปลอดภัยของการชำระเงิน,"น้อยกว่า 15,000 บาท",นักเรียน / นักศึกษา
ชาย,18-25 ปี,โสด,"ถ่ายรูป ถ่ายวีดีโอ, ติดต่อสื่อสาร / ประชุมงาน, โซเชียลมีเดีย","Instagram, Facebook, YouTube, Facebook Messenger, Spotify, TikTok, Telegram",มากกว่า 5 ชั่วโมง,จำเป็น,Apple,ฟีเจอร์สินค้า,5,ไม่สามารถสัมผัสหรือลองสินค้าได้จริง,"น้อยกว่า 15,000 บาท",นักเรียน / นักศึกษา
ชาย,18-25 ปี,โสด,"ดูหนัง / ฟังเพลง, เล่นเกม, โซเชียลมีเดีย","Instagram, Facebook Messenger, TikTok",มากกว่า 5 ชั่วโมง,จำเป็น,Apple,ฟีเจอร์สินค้า,4,ความกังวลเกี่ยวกับความปลอดภัยของการชำระเงิน,"น้อยกว่า 15,000 บาท",นักเรียน / นักศึกษา
หญิง,18-25 ปี,โสด,"ดูหนัง / ฟังเพลง, เล่นเกม, โซเชียลมีเดีย","Instagram, Facebook, YouTube, Facebook Messenger, TikTok, Line, X",มากกว่า 5 ชั่วโมง,จำเป็นมากที่สุด,Vivo,ฟีเจอร์สินค้า,5,ความกังวลเกี่ยวกับความปลอดภัยของการชำระเงิน,"น้อยกว่า 15,000 บาท",นักเรียน / นักศึกษา
ชาย,18-25 ปี,โสด,"เล่นเกม, ถ่ายรูป ถ่ายวีดีโอ, ติดต่อสื่อสาร / ประชุมงาน","Instagram, Facebook, YouTube, Facebook Messenger, TikTok",1 - 3 ชั่วโมง,จำเป็นมากที่สุด,Apple,รีวิวสินค้า,5,ไม่สามารถสัมผัสหรือลองสินค้าได้จริง,"น้อยกว่า 15,000 บาท",นักเรียน / นักศึกษา
ชาย,18-25 ปี,โสด,"ดูหนัง / ฟังเพลง, ถ่ายรูป ถ่ายวีดีโอ, ติดต่อสื่อสาร / ประชุมงาน","Instagram, Facebook, YouTube, Facebook Messenger, Telegram",1 - 3 ชั่วโมง,จำเป็น,Realme 7 5G,ฟีเจอร์สินค้า,3,ความกังวลเกี่ยวกับความปลอดภัยของการชำระเงิน,"น้อยกว่า 15,000 บาท",นักเรียน / นักศึกษา
ชาย,18-25 ปี,โสด,"ดูหนัง / ฟังเพลง, เล่นเกม, ถ่ายรูป ถ่ายวีดีโอ","Instagram, Facebook, YouTube, Facebook Messenger, Spotify, TikTok",1 - 3 ชั่วโมง,จำเป็น,XIAOMI,รีวิวสินค้า,4,ความไม่แน่นอนเกี่ยวกับการรับประกันและการบริการหลังการขาย,"น้อยกว่า 15,000 บาท",นักเรียน / นักศึกษา
ชาย,18-25 ปี,โสด,ดูหนัง / ฟังเพลง,"Instagram, Facebook, YouTube, Snapchat, Facebook Messenger, Spotify, WhatsApp, TikTok",3 - 5 ชั่วโมง,จำเป็นมากที่สุด,Apple,ราคา,3,ความกังวลเกี่ยวกับความปลอดภัยของการชำระเงิน,"น้อยกว่า 15,000 บาท",นักเรียน / นักศึกษา
ชาย,18-25 ปี,โสด,"ดูหนัง / ฟังเพลง, เล่นเกม, โซเชียลมีเดีย","Instagram, Facebook, YouTube, Facebook Messenger",มากกว่า 5 ชั่วโมง,จำเป็นมากที่สุด,Samsung,ราคา,3,ความกังวลเกี่ยวกับความปลอดภัยของการชำระเงิน,"น้อยกว่า 15,000 บาท",นักเรียน / นักศึกษา
ชาย,18-25 ปี,โสด,ดูหนัง / ฟังเพลง,"YouTube, Facebook Messenger, Discord, Wise",มากกว่า 5 ชั่วโมง,จำเป็น,Apple,ฟีเจอร์สินค้า,4,ไม่สามารถสัมผัสหรือลองสินค้าได้จริง,"มากกว่า 50,001 บาทขึ้นไป",เจ้าของธุรกิจ/ธุรกิจส่วนตัว
หญิง,18-25 ปี,โสด,"ดูหนัง / ฟังเพลง, เล่นเกม, ติดต่อสื่อสาร / ประชุมงาน","Instagram, Facebook, YouTube, Spotify, TikTok",มากกว่า 5 ชั่วโมง,จำเป็นมากที่สุด,Apple,ราคา,4,ไม่สามารถสัมผัสหรือลองสินค้าได้จริง,"น้อยกว่า 15,000 บาท",นักเรียน / นักศึกษา
ชาย,18-25 ปี,โสด,"ดูหนัง / ฟังเพลง, ถ่ายรูป ถ่ายวีดีโอ, ติดต่อสื่อสาร / ประชุมงาน","Instagram, Facebook, YouTube, Facebook Messenger, Spotify",มากกว่า 5 ชั่วโมง,จำเป็นมากที่สุด,Oppo,ราคา,4,ความไม่แน่นอนเกี่ยวกับการรับประกันและการบริการหลังการขาย,"น้อยกว่า 15,000 บาท",นักเรียน / นักศึกษา
หญิง,18-25 ปี,โสด,"ดูหนัง / ฟังเพลง, ติดต่อสื่อสาร / ประชุมงาน, โซเชียลมีเดีย","Instagram, Facebook, YouTube, Facebook Messenger, TikTok",มากกว่า 5 ชั่วโมง,จำเป็นมากที่สุด,Realme,ฟีเจอร์สินค้า,5,ความกังวลเกี่ยวกับความปลอดภัยของการชำระเงิน,"น้อยกว่า 15,000 บาท",นักเรียน / นักศึกษา
ชาย,18-25 ปี,โสด,"ดูหนัง / ฟังเพลง, เล่นเกม, โซเชียลมีเดีย","Facebook, YouTube, Facebook Messenger",1 - 3 ชั่วโมง,จำเป็น,Oppo,ราคา,4,ไม่สามารถสัมผัสหรือลองสินค้าได้จริง,"น้อยกว่า 15,000 บาท",นักเรียน / นักศึกษา
ชาย,18-25 ปี,สมรส,"ดูหนัง / ฟังเพลง, โซเชียลมีเดีย","Instagram, Facebook, YouTube, Facebook Messenger, TikTok",1 - 3 ชั่วโมง,จำเป็นมากที่สุด,Samsung,รีวิวสินค้า,4,ความกังวลเกี่ยวกับความปลอดภัยของการชำระเงิน,"น้อยกว่า 15,000 บาท",พนักงานโรงงานอุตสาหกรรม
หญิง,26-32 ปี,โสด,"ดูหนัง / ฟังเพลง, เล่นเกม, ติดต่อสื่อสาร / ประชุมงาน","Facebook, Facebook Messenger, Spotify",มากกว่า 5 ชั่วโมง,จำเป็นมากที่สุด,Apple,ฟีเจอร์สินค้า,3,ไม่สามารถสัมผัสหรือลองสินค้าได้จริง,"น้อยกว่า 15,000 บาท",พนักงานบริษัทเอกชน
ชาย,18-25 ปี,โสด,"ดูหนัง / ฟังเพลง, ถ่ายรูป ถ่ายวีดีโอ, โซเชียลมีเดีย","Instagram, Facebook, YouTube, Facebook Messenger",3 - 5 ชั่วโมง,จำเป็น,Samsung,ฟีเจอร์สินค้า,4,ความไม่แน่นอนเกี่ยวกับการรับประกันและการบริการหลังการขาย,"น้อยกว่า 15,000 บาท",นักเรียน / นักศึกษา
หญิง,18-25 ปี,โสด,"ถ่ายรูป ถ่ายวีดีโอ, ติดต่อสื่อสาร / ประชุมงาน, โซเชียลมีเดีย","Instagram, Facebook, YouTube",3 - 5 ชั่วโมง,จำเป็น,Apple,ฟีเจอร์สินค้า,5,ความไม่แน่นอนเกี่ยวกับการรับประกันและการบริการหลังการขาย,"น้อยกว่า 15,000 บาท",นักเรียน / นักศึกษา
หญิง,18-25 ปี,โสด,ดูหนัง / ฟังเพลง,"Instagram, Facebook, Facebook Messenger, TikTok",1 - 3 ชั่วโมง,จำเป็นมากที่สุด,Oppo,รีวิวสินค้า,3,ความไม่แน่นอนเกี่ยวกับการรับประกันและการบริการหลังการขาย,"น้อยกว่า 15,000 บาท",นักเรียน / นักศึกษา
หญิง,33-40 ปี,สมรส,"ถ่ายรูป ถ่ายวีดีโอ, ติดต่อสื่อสาร / ประชุมงาน, โซเชียลมีเดีย","Facebook, Facebook Messenger",1 - 3 ชั่วโมง,จำเป็นมากที่สุด,Samsung,ราคา,5,ไม่สามารถสัมผัสหรือลองสินค้าได้จริง,"15,001 - 20,000 บาท",พนักงานข้าราชการ
หญิง,33-40 ปี,สมรส,"ถ่ายรูป ถ่ายวีดีโอ, ติดต่อสื่อสาร / ประชุมงาน, โซเชียลมีเดีย","Facebook, Facebook Messenger",1 - 3 ชั่วโมง,จำเป็นมากที่สุด,Samsung,ราคา,5,ไม่สามารถสัมผัสหรือลองสินค้าได้จริง,"15,001 - 20,000 บาท",พนักงานข้าราชการ
หญิง,33-40 ปี,สมรส,"ถ่ายรูป ถ่ายวีดีโอ, ติดต่อสื่อสาร / ประชุมงาน, โซเชียลมีเดีย","Facebook, Facebook Messenger",1 - 3 ชั่วโมง,จำเป็นมากที่สุด,Samsung,ราคา,5,ไม่สามารถสัมผัสหรือลองสินค้าได้จริง,"15,001 - 20,000 บาท",พนักงานข้าราชการ
หญิง,33-40 ปี,สมรส,"ถ่ายรูป ถ่ายวีดีโอ, ติดต่อสื่อสาร / ประชุมงาน, โซเชียลมีเดีย","Facebook, Facebook Messenger",1 - 3 ชั่วโมง,จำเป็นมากที่สุด,Samsung,ราคา,5,ไม่สามารถสัมผัสหรือลองสินค้าได้จริง,"15,001 - 20,000 บาท",พนักงานข้าราชการ
หญิง,33-40 ปี,สมรส,"ถ่ายรูป ถ่ายวีดีโอ, ติดต่อสื่อสาร / ประชุมงาน, โซเชียลมีเดีย","Facebook, Facebook Messenger",1 - 3 ชั่วโมง,จำเป็นมากที่สุด,Samsung,ราคา,5,ไม่สามารถสัมผัสหรือลองสินค้าได้จริง,"15,001 - 20,000 บาท",พนักงานข้าราชการ
หญิง,33-40 ปี,สมรส,"ถ่ายรูป ถ่ายวีดีโอ, ติดต่อสื่อสาร / ประชุมงาน, โซเชียลมีเดีย","Facebook, Facebook Messenger",1 - 3 ชั่วโมง,จำเป็นมากที่สุด,Samsung,ราคา,5,ไม่สามารถสัมผัสหรือลองสินค้าได้จริง,"15,001 - 20,000 บาท",พนักงานข้าราชการ
หญิง,33-40 ปี,สมรส,"ถ่ายรูป ถ่ายวีดีโอ, ติดต่อสื่อสาร / ประชุมงาน, โซเชียลมีเดีย","Facebook, Facebook Messenger",1 - 3 ชั่วโมง,จำเป็นมากที่สุด,Samsung,ราคา,5,ไม่สามารถสัมผัสหรือลองสินค้าได้จริง,"15,001 - 20,000 บาท",พนักงานข้าราชการ
หญิง,33-40 ปี,สมรส,"ถ่ายรูป ถ่ายวีดีโอ, ติดต่อสื่อสาร / ประชุมงาน, โซเชียลมีเดีย","Facebook, Facebook Messenger",1 - 3 ชั่วโมง,จำเป็นมากที่สุด,Samsung,ราคา,5,ไม่สามารถสัมผัสหรือลองสินค้าได้จริง,"15,001 - 20,000 บาท",พนักงานข้าราชการ
หญิง,33-40 ปี,สมรส,"ถ่ายรูป ถ่ายวีดีโอ, ติดต่อสื่อสาร / ประชุมงาน, โซเชียลมีเดีย","Facebook, Facebook Messenger",1 - 3 ชั่วโมง,จำเป็นมากที่สุด,Samsung,ราคา,5,ไม่สามารถสัมผัสหรือลองสินค้าได้จริง,"15,001 - 20,000 บาท",พนักงานข้าราชการ
หญิง,33-40 ปี,สมรส,"ถ่ายรูป ถ่ายวีดีโอ, ติดต่อสื่อสาร / ประชุมงาน, โซเชียลมีเดีย","Facebook, Facebook Messenger",1 - 3 ชั่วโมง,จำเป็นมากที่สุด,Samsung,ราคา,5,ไม่สามารถสัมผัสหรือลองสินค้าได้จริง,"15,001 - 20,000 บาท",พนักงานข้าราชการ
หญิง,33-40 ปี,สมรส,"ถ่ายรูป ถ่ายวีดีโอ, ติดต่อสื่อสาร / ประชุมงาน, โซเชียลมีเดีย","Facebook, Facebook Messenger",1 - 3 ชั่วโมง,จำเป็นมากที่สุด,Samsung,ราคา,5,ไม่สามารถสัมผัสหรือลองสินค้าได้จริง,"15,001 - 20,000 บาท",พนักงานข้าราชการ
หญิง,33-40 ปี,สมรส,"ถ่ายรูป ถ่ายวีดีโอ, ติดต่อสื่อสาร / ประชุมงาน, โซเชียลมีเดีย","Facebook, Facebook Messenger",1 - 3 ชั่วโมง,จำเป็นมากที่สุด,Samsung,ราคา,5,ไม่สามารถสัมผัสหรือลองสินค้าได้จริง,"15,001 - 20,000 บาท",พนักงานข้าราชการ
หญิง,33-40 ปี,สมรส,"ถ่ายรูป ถ่ายวีดีโอ, ติดต่อสื่อสาร / ประชุมงาน, โซเชียลมีเดีย","Facebook, Facebook Messenger",1 - 3 ชั่วโมง,จำเป็นมากที่สุด,Samsung,ราคา,5,ไม่สามารถสัมผัสหรือลองสินค้าได้จริง,"15,001 - 20,000 บาท",พนักงานข้าราชการ
หญิง,33-40 ปี,สมรส,"ถ่ายรูป ถ่ายวีดีโอ, ติดต่อสื่อสาร / ประชุมงาน, โซเชียลมีเดีย","Facebook, Facebook Messenger",1 - 3 ชั่วโมง,จำเป็นมากที่สุด,Samsung,ราคา,5,ไม่สามารถสัมผัสหรือลองสินค้าได้จริง,"15,001 - 20,000 บาท",พนักงานข้าราชการ
หญิง,33-40 ปี,สมรส,"ถ่ายรูป ถ่ายวีดีโอ, ติดต่อสื่อสาร / ประชุมงาน, โซเชียลมีเดีย","Facebook, Facebook Messenger",1 - 3 ชั่วโมง,จำเป็นมากที่สุด,Samsung,ราคา,5,ไม่สามารถสัมผัสหรือลองสินค้าได้จริง,"15,001 - 20,000 บาท",พนักงานข้าราชการ
หญิง,33-40 ปี,สมรส,"ถ่ายรูป ถ่ายวีดีโอ, ติดต่อสื่อสาร / ประชุมงาน, โซเชียลมีเดีย","Facebook, Facebook Messenger",1 - 3 ชั่วโมง,จำเป็นมากที่สุด,Samsung,ราคา,5,ไม่สามารถสัมผัสหรือลองสินค้าได้จริง,"15,001 - 20,000 บาท",พนักงานข้าราชการ
หญิง,33-40 ปี,สมรส,"ถ่ายรูป ถ่ายวีดีโอ, ติดต่อสื่อสาร / ประชุมงาน, โซเชียลมีเดีย","Facebook, Facebook Messenger",1 - 3 ชั่วโมง,จำเป็นมากที่สุด,Samsung,ราคา,5,ไม่สามารถสัมผัสหรือลองสินค้าได้จริง,"15,001 - 20,000 บาท",พนักงานข้าราชการ
หญิง,33-40 ปี,สมรส,"ถ่ายรูป ถ่ายวีดีโอ, ติดต่อสื่อสาร / ประชุมงาน, โซเชียลมีเดีย","Facebook, Facebook Messenger",1 - 3 ชั่วโมง,จำเป็นมากที่สุด,Samsung,ราคา,5,ไม่สามารถสัมผัสหรือลองสินค้าได้จริง,"15,001 - 20,000 บาท",พนักงานข้าราชการ
หญิง,33-40 ปี,สมรส,"ถ่ายรูป ถ่ายวีดีโอ, ติดต่อสื่อสาร / ประชุมงาน, โซเชียลมีเดีย","Facebook, Facebook Messenger",1 - 3 ชั่วโมง,จำเป็นมากที่สุด,Samsung,ราคา,5,ไม่สามารถสัมผัสหรือลองสินค้าได้จริง,"15,001 - 20,000 บาท",พนักงานข้าราชการ
หญิง,33-40 ปี,สมรส,"ถ่ายรูป ถ่ายวีดีโอ, ติดต่อสื่อสาร / ประชุมงาน, โซเชียลมีเดีย","Facebook, Facebook Messenger",1 - 3 ชั่วโมง,จำเป็นมากที่สุด,Samsung,ราคา,5,ไม่สามารถสัมผัสหรือลองสินค้าได้จริง,"15,001 - 20,000 บาท",พนักงานข้าราชการ
หญิง,33-40 ปี,สมรส,"ถ่ายรูป ถ่ายวีดีโอ, ติดต่อสื่อสาร / ประชุมงาน, โซเชียลมีเดีย","Facebook, Facebook Messenger",1 - 3 ชั่วโมง,จำเป็นมากที่สุด,Samsung,ราคา,5,ไม่สามารถสัมผัสหรือลองสินค้าได้จริง,"15,001 - 20,000 บาท",พนักงานข้าราชการ
หญิง,33-40 ปี,สมรส,"ถ่ายรูป ถ่ายวีดีโอ, ติดต่อสื่อสาร / ประชุมงาน, โซเชียลมีเดีย","Facebook, Facebook Messenger",1 - 3 ชั่วโมง,จำเป็นมากที่สุด,Samsung,ราคา,5,ไม่สามารถสัมผัสหรือลองสินค้าได้จริง,"15,001 - 20,000 บาท",พนักงานข้าราชการ
หญิง,33-40 ปี,สมรส,"ถ่ายรูป ถ่ายวีดีโอ, ติดต่อสื่อสาร / ประชุมงาน, โซเชียลมีเดีย","Facebook, Facebook Messenger",1 - 3 ชั่วโมง,จำเป็นมากที่สุด,Samsung,ราคา,5,ไม่สามารถสัมผัสหรือลองสินค้าได้จริง,"15,001 - 20,000 บาท",พนักงานข้าราชการ
หญิง,33-40 ปี,สมรส,"ถ่ายรูป ถ่ายวีดีโอ, ติดต่อสื่อสาร / ประชุมงาน, โซเชียลมีเดีย","Facebook, Facebook Messenger",1 - 3 ชั่วโมง,จำเป็นมากที่สุด,Samsung,ราคา,5,ไม่สามารถสัมผัสหรือลองสินค้าได้จริง,"15,001 - 20,000 บาท",พนักงานข้าราชการ
หญิง,33-40 ปี,สมรส,"ถ่ายรูป ถ่ายวีดีโอ, ติดต่อสื่อสาร / ประชุมงาน, โซเชียลมีเดีย","Facebook, Facebook Messenger",1 - 3 ชั่วโมง,จำเป็นมากที่สุด,Samsung,ราคา,5,ไม่สามารถสัมผัสหรือลองสินค้าได้จริง,"15,001 - 20,000 บาท",พนักงานข้าราชการ
หญิง,33-40 ปี,สมรส,"ถ่ายรูป ถ่ายวีดีโอ, ติดต่อสื่อสาร / ประชุมงาน, โซเชียลมีเดีย","Facebook, Facebook Messenger",1 - 3 ชั่วโมง,จำเป็นมากที่สุด,Samsung,ราคา,5,ไม่สามารถสัมผัสหรือลองสินค้าได้จริง,"15,001 - 20,000 บาท",พนักงานข้าราชการ
หญิง,33-40 ปี,สมรส,"ถ่ายรูป ถ่ายวีดีโอ, ติดต่อสื่อสาร / ประชุมงาน, โซเชียลมีเดีย","Facebook, Facebook Messenger",1 - 3 ชั่วโมง,จำเป็นมากที่สุด,Samsung,ราคา,5,ไม่สามารถสัมผัสหรือลองสินค้าได้จริง,"15,001 - 20,000 บาท",พนักงานข้าราชการ
หญิง,33-40 ปี,สมรส,"ถ่ายรูป ถ่ายวีดีโอ, ติดต่อสื่อสาร / ประชุมงาน, โซเชียลมีเดีย","Facebook, Facebook Messenger",1 - 3 ชั่วโมง,จำเป็นมากที่สุด,Samsung,ราคา,5,ไม่สามารถสัมผัสหรือลองสินค้าได้จริง,"15,001 - 20,000 บาท",พนักงานข้าราชการ
หญิง,33-40 ปี,สมรส,"ถ่ายรูป ถ่ายวีดีโอ, ติดต่อสื่อสาร / ประชุมงาน, โซเชียลมีเดีย","Facebook, Facebook Messenger",1 - 3 ชั่วโมง,จำเป็นมากที่สุด,Samsung,ราคา,5,ไม่สามารถสัมผัสหรือลองสินค้าได้จริง,"15,001 - 20,000 บาท",พนักงานข้าราชการ
หญิง,33-40 ปี,สมรส,"ถ่ายรูป ถ่ายวีดีโอ, ติดต่อสื่อสาร / ประชุมงาน, โซเชียลมีเดีย","Facebook, Facebook Messenger",1 - 3 ชั่วโมง,จำเป็นมากที่สุด,Samsung,ราคา,5,ไม่สามารถสัมผัสหรือลองสินค้าได้จริง,"15,001 - 20,000 บาท",พนักงานข้าราชการ
หญิง,33-40 ปี,สมรส,"ถ่ายรูป ถ่ายวีดีโอ, ติดต่อสื่อสาร / ประชุมงาน, โซเชียลมีเดีย","Facebook, Facebook Messenger",1 - 3 ชั่วโมง,จำเป็นมากที่สุด,Samsung,ราคา,5,ไม่สามารถสัมผัสหรือลองสินค้าได้จริง,"15,001 - 20,000 บาท",พนักงานข้าราชการ
หญิง,33-40 ปี,สมรส,"ถ่ายรูป ถ่ายวีดีโอ, ติดต่อสื่อสาร / ประชุมงาน, โซเชียลมีเดีย","Facebook, Facebook Messenger",1 - 3 ชั่วโมง,จำเป็นมากที่สุด,Samsung,ราคา,5,ไม่สามารถสัมผัสหรือลองสินค้าได้จริง,"15,001 - 20,000 บาท",พนักงานข้าราชการ
หญิง,33-40 ปี,สมรส,"ถ่ายรูป ถ่ายวีดีโอ, ติดต่อสื่อสาร / ประชุมงาน, โซเชียลมีเดีย","Facebook, Facebook Messenger",1 - 3 ชั่วโมง,จำเป็นมากที่สุด,Samsung,ราคา,5,ไม่สามารถสัมผัสหรือลองสินค้าได้จริง,"15,001 - 20,000 บาท",พนักงานข้าราชการ
หญิง,33-40 ปี,สมรส,"ถ่ายรูป ถ่ายวีดีโอ, ติดต่อสื่อสาร / ประชุมงาน, โซเชียลมีเดีย","Facebook, Facebook Messenger",1 - 3 ชั่วโมง,จำเป็นมากที่สุด,Samsung,ราคา,5,ไม่สามารถสัมผัสหรือลองสินค้าได้จริง,"15,001 - 20,000 บาท",พนักงานข้าราชการ
หญิง,33-40 ปี,สมรส,"ถ่ายรูป ถ่ายวีดีโอ, ติดต่อสื่อสาร / ประชุมงาน, โซเชียลมีเดีย","Facebook, Facebook Messenger",1 - 3 ชั่วโมง,จำเป็นมากที่สุด,Samsung,ราคา,5,ไม่สามารถสัมผัสหรือลองสินค้าได้จริง,"15,001 - 20,000 บาท",พนักงานข้าราชการ
หญิง,33-40 ปี,สมรส,"ถ่ายรูป ถ่ายวีดีโอ, ติดต่อสื่อสาร / ประชุมงาน, โซเชียลมีเดีย","Facebook, Facebook Messenger",1 - 3 ชั่วโมง,จำเป็นมากที่สุด,Samsung,ราคา,5,ไม่สามารถสัมผัสหรือลองสินค้าได้จริง,"15,001 - 20,000 บาท",พนักงานข้าราชการ
หญิง,33-40 ปี,สมรส,"ถ่ายรูป ถ่ายวีดีโอ, ติดต่อสื่อสาร / ประชุมงาน, โซเชียลมีเดีย","Facebook, Facebook Messenger",1 - 3 ชั่วโมง,จำเป็นมากที่สุด,Samsung,ราคา,5,ไม่สามารถสัมผัสหรือลองสินค้าได้จริง,"15,001 - 20,000 บาท",พนักงานข้าราชการ
หญิง,33-40 ปี,สมรส,"ถ่ายรูป ถ่ายวีดีโอ, ติดต่อสื่อสาร / ประชุมงาน, โซเชียลมีเดีย","Facebook, Facebook Messenger",1 - 3 ชั่วโมง,จำเป็นมากที่สุด,Samsung,ราคา,5,ไม่สามารถสัมผัสหรือลองสินค้าได้จริง,"15,001 - 20,000 บาท",พนักงานข้าราชการ
หญิง,33-40 ปี,สมรส,"ถ่ายรูป ถ่ายวีดีโอ, ติดต่อสื่อสาร / ประชุมงาน, โซเชียลมีเดีย","Facebook, Facebook Messenger",1 - 3 ชั่วโมง,จำเป็นมากที่สุด,Samsung,ราคา,5,ไม่สามารถสัมผัสหรือลองสินค้าได้จริง,"15,001 - 20,000 บาท",พนักงานข้าราชการ
หญิง,33-40 ปี,สมรส,"ถ่ายรูป ถ่ายวีดีโอ, ติดต่อสื่อสาร / ประชุมงาน, โซเชียลมีเดีย","Facebook, Facebook Messenger",1 - 3 ชั่วโมง,จำเป็นมากที่สุด,Samsung,ราคา,5,ไม่สามารถสัมผัสหรือลองสินค้าได้จริง,"15,001 - 20,000 บาท",พนักงานข้าราชการ
หญิง,33-40 ปี,สมรส,"ถ่ายรูป ถ่ายวีดีโอ, ติดต่อสื่อสาร / ประชุมงาน, โซเชียลมีเดีย","Facebook, Facebook Messenger",1 - 3 ชั่วโมง,จำเป็นมากที่สุด,Samsung,ราคา,5,ไม่สามารถสัมผัสหรือลองสินค้าได้จริง,"15,001 - 20,000 บาท",พนักงานข้าราชการ
หญิง,33-40 ปี,สมรส,"ถ่ายรูป ถ่ายวีดีโอ, ติดต่อสื่อสาร / ประชุมงาน, โซเชียลมีเดีย","Facebook, Facebook Messenger",1 - 3 ชั่วโมง,จำเป็นมากที่สุด,Samsung,ราคา,5,ไม่สามารถสัมผัสหรือลองสินค้าได้จริง,"15,001 - 20,000 บาท",พนักงานข้าราชการ
หญิง,26-32 ปี,โสด,"ดูหนัง / ฟังเพลง, เล่นเกม, ถ่ายรูป ถ่ายวีดีโอ","Instagram, Facebook, YouTube, TikTok",3 - 5 ชั่วโมง,จำเป็นมากที่สุด,Oppo,ราคา,5,ความกังวลเกี่ยวกับความปลอดภัยของการชำระเงิน,"น้อยกว่า 15,000 บาท",พนักงานโรงงานอุตสาหกรรม
หญิง,26-32 ปี,โสด,"ดูหนัง / ฟังเพลง, เล่นเกม, ถ่ายรูป ถ่ายวีดีโอ","Instagram, Facebook, YouTube, TikTok",3 - 5 ชั่วโมง,จำเป็นมากที่สุด,Oppo,ราคา,5,ความกังวลเกี่ยวกับความปลอดภัยของการชำระเงิน,"น้อยกว่า 15,000 บาท",พนักงานโรงงานอุตสาหกรรม
หญิง,26-32 ปี,โสด,"ดูหนัง / ฟังเพลง, เล่นเกม, ถ่ายรูป ถ่ายวีดีโอ","Instagram, Facebook, YouTube, TikTok",3 - 5 ชั่วโมง,จำเป็นมากที่สุด,Oppo,ราคา,5,ความกังวลเกี่ยวกับความปลอดภัยของการชำระเงิน,"น้อยกว่า 15,000 บาท",พนักงานโรงงานอุตสาหกรรม
หญิง,26-32 ปี,โสด,"ดูหนัง / ฟังเพลง, เล่นเกม, ถ่ายรูป ถ่ายวีดีโอ","Instagram, Facebook, YouTube, TikTok",3 - 5 ชั่วโมง,จำเป็นมากที่สุด,Oppo,ราคา,5,ความกังวลเกี่ยวกับความปลอดภัยของการชำระเงิน,"น้อยกว่า 15,000 บาท",พนักงานโรงงานอุตสาหกรรม
หญิง,26-32 ปี,โสด,"ดูหนัง / ฟังเพลง, เล่นเกม, ถ่ายรูป ถ่ายวีดีโอ","Instagram, Facebook, YouTube, TikTok",3 - 5 ชั่วโมง,จำเป็นมากที่สุด,Oppo,ราคา,5,ความกังวลเกี่ยวกับความปลอดภัยของการชำระเงิน,"น้อยกว่า 15,000 บาท",พนักงานโรงงานอุตสาหกรรม
หญิง,26-32 ปี,โสด,"ดูหนัง / ฟังเพลง, เล่นเกม, ถ่ายรูป ถ่ายวีดีโอ","Instagram, Facebook, YouTube, TikTok",3 - 5 ชั่วโมง,จำเป็นมากที่สุด,Oppo,ราคา,5,ความกังวลเกี่ยวกับความปลอดภัยของการชำระเงิน,"น้อยกว่า 15,000 บาท",พนักงานโรงงานอุตสาหกรรม
หญิง,26-32 ปี,โสด,"ดูหนัง / ฟังเพลง, เล่นเกม, ถ่ายรูป ถ่ายวีดีโอ","Instagram, Facebook, YouTube, TikTok",3 - 5 ชั่วโมง,จำเป็นมากที่สุด,Oppo,ราคา,5,ความกังวลเกี่ยวกับความปลอดภัยของการชำระเงิน,"น้อยกว่า 15,000 บาท",พนักงานโรงงานอุตสาหกรรม
หญิง,26-32 ปี,โสด,"ดูหนัง / ฟังเพลง, เล่นเกม, ถ่ายรูป ถ่ายวีดีโอ","Instagram, Facebook, YouTube, TikTok",3 - 5 ชั่วโมง,จำเป็นมากที่สุด,Oppo,ราคา,5,ความกังวลเกี่ยวกับความปลอดภัยของการชำระเงิน,"น้อยกว่า 15,000 บาท",พนักงานโรงงานอุตสาหกรรม
หญิง,26-32 ปี,โสด,"ดูหนัง / ฟังเพลง, เล่นเกม, ถ่ายรูป ถ่ายวีดีโอ","Instagram, Facebook, YouTube, TikTok",3 - 5 ชั่วโมง,จำเป็นมากที่สุด,Oppo,ราคา,5,ความกังวลเกี่ยวกับความปลอดภัยของการชำระเงิน,"น้อยกว่า 15,000 บาท",พนักงานโรงงานอุตสาหกรรม
หญิง,26-32 ปี,โสด,"ดูหนัง / ฟังเพลง, เล่นเกม, ถ่ายรูป ถ่ายวีดีโอ","Instagram, Facebook, YouTube, TikTok",3 - 5 ชั่วโมง,จำเป็นมากที่สุด,Oppo,ราคา,5,ความกังวลเกี่ยวกับความปลอดภัยของการชำระเงิน,"น้อยกว่า 15,000 บาท",พนักงานโรงงานอุตสาหกรรม
หญิง,26-32 ปี,โสด,"ดูหนัง / ฟังเพลง, เล่นเกม, ถ่ายรูป ถ่ายวีดีโอ","Instagram, Facebook, YouTube, TikTok",3 - 5 ชั่วโมง,จำเป็นมากที่สุด,Oppo,ราคา,5,ความกังวลเกี่ยวกับความปลอดภัยของการชำระเงิน,"น้อยกว่า 15,000 บาท",พนักงานโรงงานอุตสาหกรรม
หญิง,26-32 ปี,โสด,"ดูหนัง / ฟังเพลง, เล่นเกม, ถ่ายรูป ถ่ายวีดีโอ","Instagram, Facebook, YouTube, TikTok",3 - 5 ชั่วโมง,จำเป็นมากที่สุด,Oppo,ราคา,5,ความกังวลเกี่ยวกับความปลอดภัยของการชำระเงิน,"น้อยกว่า 15,000 บาท",พนักงานโรงงานอุตสาหกรรม
หญิง,26-32 ปี,โสด,"ดูหนัง / ฟังเพลง, เล่นเกม, ถ่ายรูป ถ่ายวีดีโอ","Instagram, Facebook, YouTube, TikTok",3 - 5 ชั่วโมง,จำเป็นมากที่สุด,Oppo,ราคา,5,ความกังวลเกี่ยวกับความปลอดภัยของการชำระเงิน,"น้อยกว่า 15,000 บาท",พนักงานโรงงานอุตสาหกรรม
หญิง,26-32 ปี,โสด,"ดูหนัง / ฟังเพลง, เล่นเกม, ถ่ายรูป ถ่ายวีดีโอ","Instagram, Facebook, YouTube, TikTok",3 - 5 ชั่วโมง,จำเป็นมากที่สุด,Oppo,ราคา,5,ความกังวลเกี่ยวกับความปลอดภัยของการชำระเงิน,"น้อยกว่า 15,000 บาท",พนักงานโรงงานอุตสาหกรรม
หญิง,26-32 ปี,โสด,"ดูหนัง / ฟังเพลง, เล่นเกม, ถ่ายรูป ถ่ายวีดีโอ","Instagram, Facebook, YouTube, TikTok",3 - 5 ชั่วโมง,จำเป็นมากที่สุด,Oppo,ราคา,5,ความกังวลเกี่ยวกับความปลอดภัยของการชำระเงิน,"น้อยกว่า 15,000 บาท",พนักงานโรงงานอุตสาหกรรม
หญิง,26-32 ปี,โสด,"ดูหนัง / ฟังเพลง, เล่นเกม, ถ่ายรูป ถ่ายวีดีโอ","Instagram, Facebook, YouTube, TikTok",3 - 5 ชั่วโมง,จำเป็นมากที่สุด,Oppo,ราคา,5,ความกังวลเกี่ยวกับความปลอดภัยของการชำระเงิน,"น้อยกว่า 15,000 บาท",พนักงานโรงงานอุตสาหกรรม
หญิง,26-32 ปี,โสด,"ดูหนัง / ฟังเพลง, เล่นเกม, ถ่ายรูป ถ่ายวีดีโอ","Instagram, Facebook, YouTube, TikTok",3 - 5 ชั่วโมง,จำเป็นมากที่สุด,Oppo,ราคา,5,ความกังวลเกี่ยวกับความปลอดภัยของการชำระเงิน,"น้อยกว่า 15,000 บาท",พนักงานโรงงานอุตสาหกรรม
หญิง,26-32 ปี,โสด,"ดูหนัง / ฟังเพลง, เล่นเกม, ถ่ายรูป ถ่ายวีดีโอ","Instagram, Facebook, YouTube, TikTok",3 - 5 ชั่วโมง,จำเป็นมากที่สุด,Oppo,ราคา,5,ความกังวลเกี่ยวกับความปลอดภัยของการชำระเงิน,"น้อยกว่า 15,000 บาท",พนักงานโรงงานอุตสาหกรรม
หญิง,26-32 ปี,โสด,"ดูหนัง / ฟังเพลง, เล่นเกม, ถ่ายรูป ถ่ายวีดีโอ","Instagram, Facebook, YouTube, TikTok",3 - 5 ชั่วโมง,จำเป็นมากที่สุด,Oppo,ราคา,5,ความกังวลเกี่ยวกับความปลอดภัยของการชำระเงิน,"น้อยกว่า 15,000 บาท",พนักงานโรงงานอุตสาหกรรม
หญิง,26-32 ปี,โสด,"ดูหนัง / ฟังเพลง, เล่นเกม, ถ่ายรูป ถ่ายวีดีโอ","Instagram, Facebook, YouTube, TikTok",3 - 5 ชั่วโมง,จำเป็นมากที่สุด,Oppo,ราคา,5,ความกังวลเกี่ยวกับความปลอดภัยของการชำระเงิน,"น้อยกว่า 15,000 บาท",พนักงานโรงงานอุตสาหกรรม
หญิง,26-32 ปี,โสด,"ดูหนัง / ฟังเพลง, เล่นเกม, ถ่ายรูป ถ่ายวีดีโอ","Instagram, Facebook, YouTube, TikTok",3 - 5 ชั่วโมง,จำเป็นมากที่สุด,Oppo,ราคา,5,ความกังวลเกี่ยวกับความปลอดภัยของการชำระเงิน,"น้อยกว่า 15,000 บาท",พนักงานโรงงานอุตสาหกรรม
ชาย,18-25 ปี,โสด,"ดูหนัง / ฟังเพลง, เล่นเกม, โซเชียลมีเดีย","Instagram, Facebook, YouTube, Facebook Messenger, Spotify, TikTok",มากกว่า 5 ชั่วโมง,จำเป็นมากที่สุด,infinix,ฟีเจอร์สินค้า,4,ความไม่แน่นอนเกี่ยวกับการรับประกันและการบริการหลังการขาย,"น้อยกว่า 15,000 บาท",นักเรียน / นักศึกษา
ชาย,60 ปีขึ้นไป,แยกกันอยู่,"เล่นเกม, ถ่ายรูป ถ่ายวีดีโอ","Instagram, Facebook, YouTube, Snapchat, Facebook Messenger, Spotify, WhatsApp, TikTok, Telegram",มากกว่า 5 ชั่วโมง,ไม่จำเป็น,Apple,ฟีเจอร์สินค้า,4,ความล่าช้าในการจัดส่งหรือปัญหาในการจัดส่ง,"มากกว่า 50,001 บาทขึ้นไป",นักเรียน / นักศึกษา
หญิง,26-32 ปี,โสด,"ดูหนัง / ฟังเพลง, เล่นเกม, ถ่ายรูป ถ่ายวีดีโอ","Instagram, Facebook, YouTube, TikTok",3 - 5 ชั่วโมง,จำเป็นมากที่สุด,Oppo,ราคา,5,ความกังวลเกี่ยวกับความปลอดภัยของการชำระเงิน,"น้อยกว่า 15,000 บาท",พนักงานโรงงานอุตสาหกรรม
หญิง,26-32 ปี,โสด,"ดูหนัง / ฟังเพลง, เล่นเกม, ถ่ายรูป ถ่ายวีดีโอ","Instagram, Facebook, YouTube, TikTok",3 - 5 ชั่วโมง,จำเป็นมากที่สุด,Oppo,ราคา,5,ความกังวลเกี่ยวกับความปลอดภัยของการชำระเงิน,"น้อยกว่า 15,000 บาท",พนักงานโรงงานอุตสาหกรรม
หญิง,26-32 ปี,โสด,"ดูหนัง / ฟังเพลง, เล่นเกม, ถ่ายรูป ถ่ายวีดีโอ","Instagram, Facebook, YouTube, TikTok",3 - 5 ชั่วโมง,จำเป็นมากที่สุด,Oppo,ราคา,5,ความกังวลเกี่ยวกับความปลอดภัยของการชำระเงิน,"น้อยกว่า 15,000 บาท",พนักงานโรงงานอุตสาหกรรม
หญิง,26-32 ปี,โสด,"ดูหนัง / ฟังเพลง, เล่นเกม, ถ่ายรูป ถ่ายวีดีโอ","Instagram, Facebook, YouTube, TikTok",3 - 5 ชั่วโมง,จำเป็นมากที่สุด,Oppo,ราคา,5,ความกังวลเกี่ยวกับความปลอดภัยของการชำระเงิน,"น้อยกว่า 15,000 บาท",พนักงานโรงงานอุตสาหกรรม
หญิง,26-32 ปี,โสด,"ดูหนัง / ฟังเพลง, เล่นเกม, ถ่ายรูป ถ่ายวีดีโอ","Instagram, Facebook, YouTube, TikTok",3 - 5 ชั่วโมง,จำเป็นมากที่สุด,Oppo,ราคา,5,ความกังวลเกี่ยวกับความปลอดภัยของการชำระเงิน,"น้อยกว่า 15,000 บาท",พนักงานโรงงานอุตสาหกรรม
หญิง,26-32 ปี,โสด,"ดูหนัง / ฟังเพลง, เล่นเกม, ถ่ายรูป ถ่ายวีดีโอ","Instagram, Facebook, YouTube, TikTok",3 - 5 ชั่วโมง,จำเป็นมากที่สุด,Oppo,ราคา,5,ความกังวลเกี่ยวกับความปลอดภัยของการชำระเงิน,"น้อยกว่า 15,000 บาท",พนักงานโรงงานอุตสาหกรรม
หญิง,26-32 ปี,โสด,"ดูหนัง / ฟังเพลง, เล่นเกม, ถ่ายรูป ถ่ายวีดีโอ","Instagram, Facebook, YouTube, TikTok",3 - 5 ชั่วโมง,จำเป็นมากที่สุด,Oppo,ราคา,5,ความกังวลเกี่ยวกับความปลอดภัยของการชำระเงิน,"น้อยกว่า 15,000 บาท",พนักงานโรงงานอุตสาหกรรม
หญิง,26-32 ปี,โสด,"ดูหนัง / ฟังเพลง, เล่นเกม, ถ่ายรูป ถ่ายวีดีโอ","Instagram, Facebook, YouTube, TikTok",3 - 5 ชั่วโมง,จำเป็นมากที่สุด,Oppo,ราคา,5,ความกังวลเกี่ยวกับความปลอดภัยของการชำระเงิน,"น้อยกว่า 15,000 บาท",พนักงานโรงงานอุตสาหกรรม
หญิง,26-32 ปี,โสด,"ดูหนัง / ฟังเพลง, เล่นเกม, ถ่ายรูป ถ่ายวีดีโอ","Instagram, Facebook, YouTube, TikTok",3 - 5 ชั่วโมง,จำเป็นมากที่สุด,Oppo,ราคา,5,ความกังวลเกี่ยวกับความปลอดภัยของการชำระเงิน,"น้อยกว่า 15,000 บาท",พนักงานโรงงานอุตสาหกรรม
หญิง,26-32 ปี,โสด,"ดูหนัง / ฟังเพลง, เล่นเกม, ถ่ายรูป ถ่ายวีดีโอ","Instagram, Facebook, YouTube, TikTok",3 - 5 ชั่วโมง,จำเป็นมากที่สุด,Oppo,ราคา,5,ความกังวลเกี่ยวกับความปลอดภัยของการชำระเงิน,"น้อยกว่า 15,000 บาท",พนักงานโรงงานอุตสาหกรรม
หญิง,26-32 ปี,โสด,"ดูหนัง / ฟังเพลง, เล่นเกม, ถ่ายรูป ถ่ายวีดีโอ","Instagram, Facebook, YouTube, TikTok",3 - 5 ชั่วโมง,จำเป็นมากที่สุด,Oppo,ราคา,5,ความกังวลเกี่ยวกับความปลอดภัยของการชำระเงิน,"น้อยกว่า 15,000 บาท",พนักงานโรงงานอุตสาหกรรม
ชาย,18-25 ปี,นักเรียน / นักศึกษา,"ดูหนัง / ฟังเพลง, เล่นเกม, ถ่ายรูป ถ่ายวีดีโอ",TikTok,0 - 1 ชั่วโมง,จำเป็นมากที่สุด,Apple,ราคา,5,ความกังวลเกี่ยวกับความปลอดภัยของการชำระเงิน,"น้อยกว่า 15,000 บาท",นักเรียน / นักศึกษา
หญิง,18-25 ปี,นักเรียน / นักศึกษา,"ดูหนัง / ฟังเพลง, เล่นเกม, ถ่ายรูป ถ่ายวีดีโอ",Instagram,มากกว่า 5 ชั่วโมง,จำเป็นมากที่สุด,Apple,ฟีเจอร์สินค้า,4,ความกังวลเกี่ยวกับความปลอดภัยของการชำระเงิน,"น้อยกว่า 15,000 บาท",นักเรียน / นักศึกษา
หญิง,18-25 ปี,โสด,"ติดต่อสื่อสาร / ประชุมงาน, โซเชียลมีเดีย",Instagram,1 - 3 ชั่วโมง,จำเป็น,Apple,ฟีเจอร์สินค้า,4,ความไม่แน่นอนเกี่ยวกับการรับประกันและการบริการหลังการขาย,"15,001 - 20,000 บาท",นักเรียน / นักศึกษา
หญิง,18-25 ปี,โสด,"ติดต่อสื่อสาร / ประชุมงาน, โซเชียลมีเดีย",Instagram,1 - 3 ชั่วโมง,จำเป็น,Apple,ฟีเจอร์สินค้า,4,ไม่สามารถสัมผัสหรือลองสินค้าได้จริง,"15,001 - 20,000 บาท",นักเรียน / นักศึกษา
Lgbtq+,18-25 ปี,โสด,"ดูหนัง / ฟังเพลง, ถ่ายรูป ถ่ายวีดีโอ, โซเชียลมีเดีย",Instagram,3 - 5 ชั่วโมง,จำเป็นมากที่สุด,XIAOMI,รีวิวสินค้า,4,ไม่สามารถสัมผัสหรือลองสินค้าได้จริง,"น้อยกว่า 15,000 บาท",นักเรียน / นักศึกษา
หญิง,18-25 ปี,โสด,"ดูหนัง / ฟังเพลง, เล่นเกม, ติดต่อสื่อสาร / ประชุมงาน",TikTok,มากกว่า 5 ชั่วโมง,จำเป็นมากที่สุด,Samsung,ราคา,5,ความไม่แน่นอนเกี่ยวกับการรับประกันและการบริการหลังการขาย,"น้อยกว่า 15,000 บาท",นักเรียน / นักศึกษา
หญิง,18-25 ปี,โสด,"ดูหนัง / ฟังเพลง, ติดต่อสื่อสาร / ประชุมงาน, โซเชียลมีเดีย",Facebook Messenger,มากกว่า 5 ชั่วโมง,จำเป็นมากที่สุด,Samsung,รีวิวสินค้า,5,ไม่สามารถสัมผัสหรือลองสินค้าได้จริง,"น้อยกว่า 15,000 บาท",นักเรียน / นักศึกษา
หญิง,18-25 ปี,โสด,"ดูหนัง / ฟังเพลง, เล่นเกม, Appication บน cloud",Instagram,3 - 5 ชั่วโมง,จำเป็น,Samsung,ฟีเจอร์สินค้า,3,ความกังวลเกี่ยวกับความปลอดภัยของการชำระเงิน,"น้อยกว่า 15,000 บาท",นักเรียน / นักศึกษา
หญิง,18-25 ปี,โสด,"Appication บน cloud, ติดต่อสื่อสาร / ประชุมงาน, โซเชียลมีเดีย",Facebook Messenger,1 - 3 ชั่วโมง,จำเป็น,Apple,รีวิวสินค้า,3,ความกังวลเกี่ยวกับความปลอดภัยของการชำระเงิน,"น้อยกว่า 15,000 บาท",นักเรียน / นักศึกษา
ชาย,18-25 ปี,โสด,ดูหนัง / ฟังเพลง,YouTube,1 - 3 ชั่วโมง,จำเป็น,Apple,ราคา,3,ความไม่แน่นอนเกี่ยวกับการรับประกันและการบริการหลังการขาย,"20,001 - 30,000 บาท",พนักงานบริษัทเอกชน
Lgbtq+,18-25 ปี,โสด,"ดูหนัง / ฟังเพลง, ถ่ายรูป ถ่ายวีดีโอ, โซเชียลมีเดีย",Instagram,3 - 5 ชั่วโมง,จำเป็นมากที่สุด,Apple,ฟีเจอร์สินค้า,5,ความไม่แน่นอนเกี่ยวกับการรับประกันและการบริการหลังการขาย,"20,001 - 30,000 บาท",นักเรียน / นักศึกษา
ชาย,18-25 ปี,โสด,"ดูหนัง / ฟังเพลง, เล่นเกม, โซเชียลมีเดีย",Instagram,มากกว่า 5 ชั่วโมง,จำเป็นมากที่สุด,Apple,ฟีเจอร์สินค้า,4,ไม่สามารถสัมผัสหรือลองสินค้าได้จริง,"น้อยกว่า 15,000 บาท",นักเรียน / นักศึกษา
หญิง,18-25 ปี,โสด,"ดูหนัง / ฟังเพลง, เล่นเกม, โซเชียลมีเดีย",Facebook,3 - 5 ชั่วโมง,จำเป็นมากที่สุด,Samsung,รีวิวสินค้า,4,ความไม่แน่นอนเกี่ยวกับการรับประกันและการบริการหลังการขาย,"น้อยกว่า 15,000 บาท",นักเรียน / นักศึกษา
ชาย,18-25 ปี,โสด,"ดูหนัง / ฟังเพลง, ถ่ายรูป ถ่ายวีดีโอ, ติดต่อสื่อสาร / ประชุมงาน",Instagram,3 - 5 ชั่วโมง,จำเป็นมากที่สุด,Apple,ฟีเจอร์สินค้า,4,ความไม่แน่นอนเกี่ยวกับการรับประกันและการบริการหลังการขาย,"15,001 - 20,000 บาท",นักเรียน / นักศึกษา
หญิง,18-25 ปี,โสด,"ดูหนัง / ฟังเพลง, โซเชียลมีเดีย",Facebook Messenger,มากกว่า 5 ชั่วโมง,จำเป็นมากที่สุด,Apple,ฟีเจอร์สินค้า,4,ไม่สามารถสัมผัสหรือลองสินค้าได้จริง,"น้อยกว่า 15,000 บาท",นักเรียน / นักศึกษา
หญิง,18-25 ปี,โสด,"ดูหนัง / ฟังเพลง, ถ่ายรูป ถ่ายวีดีโอ, โซเชียลมีเดีย",TikTok,มากกว่า 5 ชั่วโมง,จำเป็นมากที่สุด,Apple,ฟีเจอร์สินค้า,4,ความกังวลเกี่ยวกับความปลอดภัยของการชำระเงิน,"น้อยกว่า 15,000 บาท",นักเรียน / นักศึกษา
หญิง,18-25 ปี,โสด,"ดูหนัง / ฟังเพลง, เล่นเกม, โซเชียลมีเดีย",Instagram,3 - 5 ชั่วโมง,จำเป็นมากที่สุด,Apple,ฟีเจอร์สินค้า,5,ไม่สามารถสัมผัสหรือลองสินค้าได้จริง,"15,001 - 20,000 บาท",นักเรียน / นักศึกษา
ชาย,18-25 ปี,โสด,"ดูหนัง / ฟังเพลง, เล่นเกม, ถ่ายรูป ถ่ายวีดีโอ",Facebook,มากกว่า 5 ชั่วโมง,จำเป็นมากที่สุด,realme,ฟีเจอร์สินค้า,5,ความไม่แน่นอนเกี่ยวกับการรับประกันและการบริการหลังการขาย,"น้อยกว่า 15,000 บาท",นักเรียน / นักศึกษา
หญิง,18-25 ปี,โสด,"ดูหนัง / ฟังเพลง, เล่นเกม, ติดต่อสื่อสาร / ประชุมงาน",Instagram,มากกว่า 5 ชั่วโมง,จำเป็น,Apple,ฟีเจอร์สินค้า,3,ไม่สามารถสัมผัสหรือลองสินค้าได้จริง,"น้อยกว่า 15,000 บาท",นักเรียน / นักศึกษา
ชาย,18-25 ปี,โสด,"ดูหนัง / ฟังเพลง, เล่นเกม, โซเชียลมีเดีย",YouTube,3 - 5 ชั่วโมง,จำเป็น,Samsung,ฟีเจอร์สินค้า,1,ไม่สามารถสัมผัสหรือลองสินค้าได้จริง,"น้อยกว่า 15,000 บาท",นักเรียน / นักศึกษา
หญิง,18-25 ปี,โสด,"ดูหนัง / ฟังเพลง, ถ่ายรูป ถ่ายวีดีโอ, ติดต่อสื่อสาร / ประชุมงาน",TikTok,3 - 5 ชั่วโมง,จำเป็นมากที่สุด,Vivo,ฟีเจอร์สินค้า,4,ความไม่แน่นอนเกี่ยวกับการรับประกันและการบริการหลังการขาย,"น้อยกว่า 15,000 บาท",นักเรียน / นักศึกษา
ชาย,18-25 ปี,โสด,"ดูหนัง / ฟังเพลง, เล่นเกม, โซเชียลมีเดีย",YouTube,3 - 5 ชั่วโมง,จำเป็นมากที่สุด,Apple,รีวิวสินค้า,5,ความไม่แน่นอนเกี่ยวกับการรับประกันและการบริการหลังการขาย,"น้อยกว่า 15,000 บาท",นักเรียน / นักศึกษา
ชาย,18-25 ปี,โสด,"ดูหนัง / ฟังเพลง, เล่นเกม, โซเชียลมีเดีย",Facebook,มากกว่า 5 ชั่วโมง,จำเป็นมากที่สุด,Redmi,ราคา,5,ความล่าช้าในการจัดส่งหรือปัญหาในการจัดส่ง,"น้อยกว่า 15,000 บาท",นักเรียน / นักศึกษา
ชาย,18-25 ปี,โสด,เล่นเกม,Instagram,มากกว่า 5 ชั่วโมง,จำเป็น,Apple,ฟีเจอร์สินค้า,5,ความกังวลเกี่ยวกับความปลอดภัยของการชำระเงิน,"มากกว่า 50,001 บาทขึ้นไป",นักเรียน / นักศึกษา
ชาย,18-25 ปี,โสด,"ดูหนัง / ฟังเพลง, ติดต่อสื่อสาร / ประชุมงาน, โซเชียลมีเดีย",YouTube,3 - 5 ชั่วโมง,จำเป็นมากที่สุด,Vivo,ฟีเจอร์สินค้า,4,ความไม่แน่นอนเกี่ยวกับการรับประกันและการบริการหลังการขาย,"น้อยกว่า 15,000 บาท",นักเรียน / นักศึกษา
ชาย,18-25 ปี,โสด,"ดูหนัง / ฟังเพลง, เล่นเกม, โซเชียลมีเดีย",YouTube,มากกว่า 5 ชั่วโมง,จำเป็นมากที่สุด,Oppo,ราคา,3,ความล่าช้าในการจัดส่งหรือปัญหาในการจัดส่ง,"น้อยกว่า 15,000 บาท",นักเรียน / นักศึกษา
ชาย,18-25 ปี,โสด,"ดูหนัง / ฟังเพลง, ถ่ายรูป ถ่ายวีดีโอ, ติดต่อสื่อสาร / ประชุมงาน",Facebook,มากกว่า 5 ชั่วโมง,จำเป็นมากที่สุด,Samsung,รีวิวสินค้า,4,ความไม่แน่นอนเกี่ยวกับการรับประกันและการบริการหลังการขาย,"น้อยกว่า 15,000 บาท",นักเรียน / นักศึกษา
ชาย,18-25 ปี,โสด,"เล่นเกม, ถ่ายรูป ถ่ายวีดีโอ, Appication บน cloud",Telegram,มากกว่า 5 ชั่วโมง,จำเป็น,Oppo,ราคา,4,ความไม่แน่นอนเกี่ยวกับการรับประกันและการบริการหลังการขาย,"น้อยกว่า 15,000 บาท",นักเรียน / นักศึกษา
ชาย,18-25 ปี,โสด,"ดูหนัง / ฟังเพลง, ติดต่อสื่อสาร / ประชุมงาน, โซเชียลมีเดีย",YouTube,3 - 5 ชั่วโมง,จำเป็น,Samsung,ฟีเจอร์สินค้า,4,ไม่สามารถสัมผัสหรือลองสินค้าได้จริง,"15,001 - 20,000 บาท",นักเรียน / นักศึกษา
ชาย,18-25 ปี,โสด,"ดูหนัง / ฟังเพลง, เล่นเกม, ติดต่อสื่อสาร / ประชุมงาน",Facebook,3 - 5 ชั่วโมง,จำเป็น,Oppo,ฟีเจอร์สินค้า,3,ไม่สามารถสัมผัสหรือลองสินค้าได้จริง,"น้อยกว่า 15,000 บาท",นักเรียน / นักศึกษา
ชาย,18-25 ปี,โสด,"ดูหนัง / ฟังเพลง, เล่นเกม, ติดต่อสื่อสาร / ประชุมงาน",YouTube,มากกว่า 5 ชั่วโมง,จำเป็น,Vivo,ราคา,4,ความไม่แน่นอนเกี่ยวกับการรับประกันและการบริการหลังการขาย,"น้อยกว่า 15,000 บาท",นักเรียน / นักศึกษา
ชาย,18-25 ปี,โสด,"ดูหนัง / ฟังเพลง, เล่นเกม, Appication บน cloud",YouTube,มากกว่า 5 ชั่วโมง,จำเป็น,Apple,ฟีเจอร์สินค้า,4,ความไม่แน่นอนเกี่ยวกับการรับประกันและการบริการหลังการขาย,"น้อยกว่า 15,000 บาท",นักเรียน / นักศึกษา
หญิง,18-25 ปี,โสด,"ดูหนัง / ฟังเพลง, ติดต่อสื่อสาร / ประชุมงาน, โซเชียลมีเดีย",Facebook Messenger,3 - 5 ชั่วโมง,จำเป็น,Apple,รีวิวสินค้า,4,ความล่าช้าในการจัดส่งหรือปัญหาในการจัดส่ง,"น้อยกว่า 15,000 บาท",นักเรียน / นักศึกษา
หญิง,18-25 ปี,โสด,"ดูหนัง / ฟังเพลง, โซเชียลมีเดีย",YouTube,มากกว่า 5 ชั่วโมง,จำเป็น,Apple,ฟีเจอร์สินค้า,4,ความไม่แน่นอนเกี่ยวกับการรับประกันและการบริการหลังการขาย,"น้อยกว่า 15,000 บาท",นักเรียน / นักศึกษา
ชาย,26-32 ปี,สมรส,เล่นเกม,YouTube,มากกว่า 5 ชั่วโมง,จำเป็นมากที่สุด,Apple,ราคา,5,ไม่สามารถสัมผัสหรือลองสินค้าได้จริง,"30,001 - 40,000 บาท",เจ้าของธุรกิจ/ธุรกิจส่วนตัว
หญิง,18-25 ปี,โสด,"เล่นเกม, ถ่ายรูป ถ่ายวีดีโอ, โซเชียลมีเดีย",Instagram,มากกว่า 5 ชั่วโมง,จำเป็น,Samsung,รีวิวสินค้า,5,ความล่าช้าในการจัดส่งหรือปัญหาในการจัดส่ง,"น้อยกว่า 15,000 บาท",นักเรียน / นักศึกษา
ชาย,18-25 ปี,โสด,"ดูหนัง / ฟังเพลง, เล่นเกม",Instagram,มากกว่า 5 ชั่วโมง,จำเป็นมากที่สุด,Vivo,ราคา,5,ความล่าช้าในการจัดส่งหรือปัญหาในการจัดส่ง,"น้อยกว่า 15,000 บาท",นักเรียน / นักศึกษา
ชาย,18-25 ปี,โสด,"ดูหนัง / ฟังเพลง, เล่นเกม, โซเชียลมีเดีย",Instagram,3 - 5 ชั่วโมง,จำเป็นมากที่สุด,XIAOMI,รีวิวสินค้า,4,ความกังวลเกี่ยวกับความปลอดภัยของการชำระเงิน,"น้อยกว่า 15,000 บาท",นักเรียน / นักศึกษา
ชาย,18-25 ปี,โสด,ดูหนัง / ฟังเพลง,YouTube,3 - 5 ชั่วโมง,จำเป็นมากที่สุด,XIAOMI,ราคา,3,ความกังวลเกี่ยวกับความปลอดภัยของการชำระเงิน,"น้อยกว่า 15,000 บาท",นักเรียน / นักศึกษา
หญิง,18-25 ปี,โสด,"ดูหนัง / ฟังเพลง, เล่นเกม, ถ่ายรูป ถ่ายวีดีโอ",YouTube,มากกว่า 5 ชั่วโมง,จำเป็นมากที่สุด,XIAOMI,รีวิวสินค้า,3,ไม่สามารถสัมผัสหรือลองสินค้าได้จริง,"น้อยกว่า 15,000 บาท",นักเรียน / นักศึกษา
หญิง,18-25 ปี,โสด,"ดูหนัง / ฟังเพลง, เล่นเกม, โซเชียลมีเดีย",YouTube,มากกว่า 5 ชั่วโมง,จำเป็นมากที่สุด,Apple,ฟีเจอร์สินค้า,4,ความไม่แน่นอนเกี่ยวกับการรับประกันและการบริการหลังการขาย,"น้อยกว่า 15,000 บาท",นักเรียน / นักศึกษา
หญิง,18-25 ปี,โสด,"ดูหนัง / ฟังเพลง, ถ่ายรูป ถ่ายวีดีโอ, โซเชียลมีเดีย",TikTok,3 - 5 ชั่วโมง,จำเป็นมากที่สุด,Apple,รีวิวสินค้า,3,ความไม่แน่นอนเกี่ยวกับการรับประกันและการบริการหลังการขาย,"น้อยกว่า 15,000 บาท",นักเรียน / นักศึกษา
ชาย,18-25 ปี,โสด,"ดูหนัง / ฟังเพลง, เล่นเกม, โซเชียลมีเดีย",TikTok,มากกว่า 5 ชั่วโมง,จำเป็นมากที่สุด,Samsung,ฟีเจอร์สินค้า,5,ความกังวลเกี่ยวกับความปลอดภัยของการชำระเงิน,"น้อยกว่า 15,000 บาท",นักเรียน / นักศึกษา
ชาย,18-25 ปี,โสด,"ดูหนัง / ฟังเพลง, เล่นเกม, โซเชียลมีเดีย",Facebook,3 - 5 ชั่วโมง,จำเป็นมากที่สุด,Apple,ราคา,5,ความไม่แน่นอนเกี่ยวกับการรับประกันและการบริการหลังการขาย,"น้อยกว่า 15,000 บาท",นักเรียน / นักศึกษา
หญิง,18-25 ปี,โสด,"ดูหนัง / ฟังเพลง, ติดต่อสื่อสาร / ประชุมงาน, โซเชียลมีเดีย","Instagram, YouTube, TikTok",มากกว่า 5 ชั่วโมง,จำเป็นมากที่สุด,Apple,ฟีเจอร์สินค้า,5,ไม่สามารถสัมผัสหรือลองสินค้าได้จริง,"น้อยกว่า 15,000 บาท",นักเรียน / นักศึกษา
หญิง,18-25 ปี,โสด,"Appication บน cloud, ติดต่อสื่อสาร / ประชุมงาน, โซเชียลมีเดีย","Instagram, YouTube, Facebook Messenger, TikTok",มากกว่า 5 ชั่วโมง,จำเป็นมากที่สุด,Apple,รีวิวสินค้า,5,ไม่สามารถสัมผัสหรือลองสินค้าได้จริง,"น้อยกว่า 15,000 บาท",นักเรียน / นักศึกษา
หญิง,18-25 ปี,โสด,"ดูหนัง / ฟังเพลง, ถ่ายรูป ถ่ายวีดีโอ, Appication บน cloud","Instagram, TikTok",มากกว่า 5 ชั่วโมง,จำเป็น,Apple,ฟีเจอร์สินค้า,4,ความกังวลเกี่ยวกับความปลอดภัยของการชำระเงิน,"น้อยกว่า 15,000 บาท",นักเรียน / นักศึกษา
หญิง,18-25 ปี,โสด,"ดูหนัง / ฟังเพลง, ถ่ายรูป ถ่ายวีดีโอ, ติดต่อสื่อสาร / ประชุมงาน","Instagram, YouTube, Spotify, Telegram",3 - 5 ชั่วโมง,จำเป็นมากที่สุด,Apple,ฟีเจอร์สินค้า,4,ไม่สามารถสัมผัสหรือลองสินค้าได้จริง,"น้อยกว่า 15,000 บาท",นักเรียน / นักศึกษา
หญิง,18-25 ปี,โสด,"Appication บน cloud, ติดต่อสื่อสาร / ประชุมงาน, โซเชียลมีเดีย","Instagram, Facebook, Facebook Messenger, TikTok",3 - 5 ชั่วโมง,จำเป็นมากที่สุด,Apple,ฟีเจอร์สินค้า,4,ความกังวลเกี่ยวกับความปลอดภัยของการชำระเงิน,"15,001 - 20,000 บาท",พนักงานข้าราชการ
ชาย,18-25 ปี,โสด,"ดูหนัง / ฟังเพลง, เล่นเกม, โซเชียลมีเดีย","Instagram, Facebook, YouTube, Facebook Messenger, TikTok",มากกว่า 5 ชั่วโมง,จำเป็น,Apple,ฟีเจอร์สินค้า,5,ไม่สามารถสัมผัสหรือลองสินค้าได้จริง,"น้อยกว่า 15,000 บาท",นักเรียน / นักศึกษา
ชาย,18-25 ปี,โสด,"ดูหนัง / ฟังเพลง, เล่นเกม","YouTube, TikTok",มากกว่า 5 ชั่วโมง,จำเป็นมากที่สุด,Samsung,ราคา,3,ความล่าช้าในการจัดส่งหรือปัญหาในการจัดส่ง,"น้อยกว่า 15,000 บาท",นักเรียน / นักศึกษา
ชาย,18-25 ปี,โสด,"ดูหนัง / ฟังเพลง, เล่นเกม, โซเชียลมีเดีย","Facebook, YouTube, Facebook Messenger, TikTok",3 - 5 ชั่วโมง,จำเป็นมากที่สุด,Oppo,ราคา,4,ความไม่แน่นอนเกี่ยวกับการรับประกันและการบริการหลังการขาย,"น้อยกว่า 15,000 บาท",นักเรียน / นักศึกษา
หญิง,26-32 ปี,สมรส,"ดูหนัง / ฟังเพลง, ติดต่อสื่อสาร / ประชุมงาน, โซเชียลมีเดีย","Instagram, Facebook, YouTube, Facebook Messenger",3 - 5 ชั่วโมง,จำเป็นมากที่สุด,Apple,ราคา,5,ไม่สามารถสัมผัสหรือลองสินค้าได้จริง,"20,001 - 30,000 บาท",เจ้าของธุรกิจ/ธุรกิจส่วนตัว
ชาย,18-25 ปี,โสด,"ดูหนัง / ฟังเพลง, เล่นเกม, ติดต่อสื่อสาร / ประชุมงาน","Instagram, Facebook, YouTube, Facebook Messenger, TikTok",0 - 1 ชั่วโมง,จำเป็น,XIAOMI,ฟีเจอร์สินค้า,5,ไม่สามารถสัมผัสหรือลองสินค้าได้จริง,"น้อยกว่า 15,000 บาท",นักเรียน / นักศึกษา
ชาย,18-25 ปี,โสด,"ดูหนัง / ฟังเพลง, ถ่ายรูป ถ่ายวีดีโอ, โซเชียลมีเดีย","Instagram, Facebook, YouTube, Facebook Messenger, Spotify, TikTok",1 - 3 ชั่วโมง,จำเป็น,Apple,รีวิวสินค้า,5,ไม่สามารถสัมผัสหรือลองสินค้าได้จริง,"น้อยกว่า 15,000 บาท",นักเรียน / นักศึกษา
ชาย,18-25 ปี,โสด,"ดูหนัง / ฟังเพลง, เล่นเกม, ถ่ายรูป ถ่ายวีดีโอ","Instagram, YouTube, Facebook Messenger, Spotify, TikTok",1 - 3 ชั่วโมง,จำเป็น,Realme,ฟีเจอร์สินค้า,5,ความไม่แน่นอนเกี่ยวกับการรับประกันและการบริการหลังการขาย,"น้อยกว่า 15,000 บาท",นักเรียน / นักศึกษา
ชาย,18-25 ปี,โสด,"ดูหนัง / ฟังเพลง, เล่นเกม","Instagram, Facebook, YouTube, Facebook Messenger, TikTok",มากกว่า 5 ชั่วโมง,จำเป็นมากที่สุด,Apple,ฟีเจอร์สินค้า,5,ไม่สามารถสัมผัสหรือลองสินค้าได้จริง,"น้อยกว่า 15,000 บาท",นักเรียน / นักศึกษา
ชาย,18-25 ปี,โสด,"ดูหนัง / ฟังเพลง, ติดต่อสื่อสาร / ประชุมงาน, โซเชียลมีเดีย","Instagram, Facebook, YouTube, Facebook Messenger, TikTok",1 - 3 ชั่วโมง,จำเป็นมากที่สุด,Apple,ราคา,4,ไม่สามารถสัมผัสหรือลองสินค้าได้จริง,"น้อยกว่า 15,000 บาท",นักเรียน / นักศึกษา
ชาย,18-25 ปี,โสด,"ดูหนัง / ฟังเพลง, เล่นเกม, โซเชียลมีเดีย","Instagram, Facebook, YouTube, Snapchat, Facebook Messenger, Spotify, TikTok",0 - 1 ชั่วโมง,จำเป็น,Apple,ราคา,4,ความไม่แน่นอนเกี่ยวกับการรับประกันและการบริการหลังการขาย,"น้อยกว่า 15,000 บาท",นักเรียน / นักศึกษา
ชาย,18-25 ปี,โสด,"เล่นเกม, ถ่ายรูป ถ่ายวีดีโอ, โซเชียลมีเดีย","Instagram, Facebook, YouTube, Facebook Messenger, TikTok",มากกว่า 5 ชั่วโมง,จำเป็นมากที่สุด,Apple,รีวิวสินค้า,5,ความไม่แน่นอนเกี่ยวกับการรับประกันและการบริการหลังการขาย,"น้อยกว่า 15,000 บาท",นักเรียน / นักศึกษา
ชาย,18-25 ปี,โสด,"ดูหนัง / ฟังเพลง, เล่นเกม","Instagram, Facebook, YouTube, Facebook Messenger, TikTok",มากกว่า 5 ชั่วโมง,จำเป็น,Realme ,รีวิวสินค้า,4,ความกังวลเกี่ยวกับความปลอดภัยของการชำระเงิน,"น้อยกว่า 15,000 บาท",นักเรียน / นักศึกษา
ชาย,18-25 ปี,โสด,"ดูหนัง / ฟังเพลง, เล่นเกม, โซเชียลมีเดีย","Instagram, Facebook, YouTube, Facebook Messenger, Spotify, WhatsApp, TikTok, Telegram",มากกว่า 5 ชั่วโมง,จำเป็นมากที่สุด,Apple,ราคา,4,ความกังวลเกี่ยวกับความปลอดภัยของการชำระเงิน,"น้อยกว่า 15,000 บาท",นักเรียน / นักศึกษา
ชาย,18-25 ปี,โสด,"ดูหนัง / ฟังเพลง, เล่นเกม, โซเชียลมีเดีย","Instagram, Facebook, YouTube, Facebook Messenger, TikTok",มากกว่า 5 ชั่วโมง,จำเป็นมากที่สุด,Realme,ฟีเจอร์สินค้า,5,ความล่าช้าในการจัดส่งหรือปัญหาในการจัดส่ง,"น้อยกว่า 15,000 บาท",นักเรียน / นักศึกษา
ชาย,18-25 ปี,โสด,"เล่นเกม, ถ่ายรูป ถ่ายวีดีโอ, Appication บน cloud","Instagram, Facebook, YouTube, Facebook Messenger, Spotify, TikTok, Telegram",1 - 3 ชั่วโมง,จำเป็น,Apple,รีวิวสินค้า,5,ความไม่แน่นอนเกี่ยวกับการรับประกันและการบริการหลังการขาย,"น้อยกว่า 15,000 บาท",นักเรียน / นักศึกษา
ชาย,18-25 ปี,โสด,"ถ่ายรูป ถ่ายวีดีโอ, ติดต่อสื่อสาร / ประชุมงาน, โซเชียลมีเดีย","Instagram, Facebook, Facebook Messenger, TikTok, Telegram",มากกว่า 5 ชั่วโมง,จำเป็นมากที่สุด,Apple,ราคา,4,ไม่สามารถสัมผัสหรือลองสินค้าได้จริง,"น้อยกว่า 15,000 บาท",นักเรียน / นักศึกษา
ชาย,18-25 ปี,โสด,"ดูหนัง / ฟังเพลง, เล่นเกม, โซเชียลมีเดีย","Instagram, Facebook, YouTube, Facebook Messenger, TikTok",มากกว่า 5 ชั่วโมง,จำเป็น,Apple,รีวิวสินค้า,5,ความไม่แน่นอนเกี่ยวกับการรับประกันและการบริการหลังการขาย,"น้อยกว่า 15,000 บาท",นักเรียน / นักศึกษา
หญิง,18-25 ปี,สมรส,"ดูหนัง / ฟังเพลง, ถ่ายรูป ถ่ายวีดีโอ, โซเชียลมีเดีย","Instagram, Facebook, Facebook Messenger, Spotify, TikTok",มากกว่า 5 ชั่วโมง,จำเป็นมากที่สุด,หัวเหว่ย,ราคา,5,ไม่สามารถสัมผัสหรือลองสินค้าได้จริง,"น้อยกว่า 15,000 บาท",นักเรียน / นักศึกษา
ชาย,18-25 ปี,โสด,"ดูหนัง / ฟังเพลง, เล่นเกม, โซเชียลมีเดีย","Facebook, YouTube, Facebook Messenger, Spotify",3 - 5 ชั่วโมง,จำเป็น,Apple,ราคา,4,ไม่สามารถสัมผัสหรือลองสินค้าได้จริง,"น้อยกว่า 15,000 บาท",นักเรียน / นักศึกษา
หญิง,18-25 ปี,โสด,"ดูหนัง / ฟังเพลง, ติดต่อสื่อสาร / ประชุมงาน, โซเชียลมีเดีย","Instagram, Facebook, YouTube, Facebook Messenger",มากกว่า 5 ชั่วโมง,จำเป็นมากที่สุด,XIAOMI,รีวิวสินค้า,2,ความไม่แน่นอนเกี่ยวกับการรับประกันและการบริการหลังการขาย,"น้อยกว่า 15,000 บาท",นักเรียน / นักศึกษา
ชาย,26-32 ปี,สมรส,"เล่นเกม, ถ่ายรูป ถ่ายวีดีโอ, โซเชียลมีเดีย","Instagram, Facebook, YouTube, Facebook Messenger, TikTok",มากกว่า 5 ชั่วโมง,จำเป็นมากที่สุด,Apple,ฟีเจอร์สินค้า,5,ความไม่แน่นอนเกี่ยวกับการรับประกันและการบริการหลังการขาย,"30,001 - 40,000 บาท",พนักงานข้าราชการ
หญิง,18-25 ปี,โสด,"ดูหนัง / ฟังเพลง, เล่นเกม, โซเชียลมีเดีย","Instagram, Facebook, YouTube, Facebook Messenger, Spotify, TikTok",มากกว่า 5 ชั่วโมง,จำเป็นมากที่สุด,Samsung,รีวิวสินค้า,4,ความกังวลเกี่ยวกับความปลอดภัยของการชำระเงิน,"น้อยกว่า 15,000 บาท",นักเรียน / นักศึกษา
หญิง,18-25 ปี,โสด,"ดูหนัง / ฟังเพลง, เล่นเกม, โซเชียลมีเดีย","Instagram, Facebook Messenger, TikTok",มากกว่า 5 ชั่วโมง,จำเป็นมากที่สุด,XIAOMI,ฟีเจอร์สินค้า,3,ไม่สามารถสัมผัสหรือลองสินค้าได้จริง,"น้อยกว่า 15,000 บาท",นักเรียน / นักศึกษา
หญิง,18-25 ปี,โสด,"ดูหนัง / ฟังเพลง, ถ่ายรูป ถ่ายวีดีโอ","Instagram, Facebook, YouTube, Facebook Messenger, Spotify, TikTok",มากกว่า 5 ชั่วโมง,จำเป็นมากที่สุด,Apple,ราคา,4,ความไม่แน่นอนเกี่ยวกับการรับประกันและการบริการหลังการขาย,"น้อยกว่า 15,000 บาท",นักเรียน / นักศึกษา
หญิง,18-25 ปี,โสด,"ดูหนัง / ฟังเพลง, เล่นเกม, โซเชียลมีเดีย",TikTok,3 - 5 ชั่วโมง,จำเป็น,Apple,รีวิวสินค้า,4,ความกังวลเกี่ยวกับความปลอดภัยของการชำระเงิน,"น้อยกว่า 15,000 บาท",นักเรียน / นักศึกษา
ชาย,18-25 ปี,โสด,"ดูหนัง / ฟังเพลง, เล่นเกม, โซเชียลมีเดีย","Instagram, Spotify, TikTok",มากกว่า 5 ชั่วโมง,จำเป็น,Apple,รีวิวสินค้า,4,ความกังวลเกี่ยวกับความปลอดภัยของการชำระเงิน,"น้อยกว่า 15,000 บาท",นักเรียน / นักศึกษา
หญิง,18-25 ปี,โสด,"ดูหนัง / ฟังเพลง, เล่นเกม, โซเชียลมีเดีย","Instagram, Facebook, YouTube",3 - 5 ชั่วโมง,จำเป็นมากที่สุด,Apple,ฟีเจอร์สินค้า,4,ไม่สามารถสัมผัสหรือลองสินค้าได้จริง,"น้อยกว่า 15,000 บาท",นักเรียน / นักศึกษา
ชาย,18-25 ปี,โสด,"ดูหนัง / ฟังเพลง, เล่นเกม, ถ่ายรูป ถ่ายวีดีโอ","Instagram, Facebook, YouTube, Facebook Messenger, TikTok",มากกว่า 5 ชั่วโมง,จำเป็นมากที่สุด,Apple,ฟีเจอร์สินค้า,4,ความไม่แน่นอนเกี่ยวกับการรับประกันและการบริการหลังการขาย,"น้อยกว่า 15,000 บาท",นักเรียน / นักศึกษา
หญิง,18-25 ปี,โสด,"ดูหนัง / ฟังเพลง, ถ่ายรูป ถ่ายวีดีโอ, โซเชียลมีเดีย","Instagram, YouTube, TikTok",มากกว่า 5 ชั่วโมง,จำเป็นมากที่สุด,Apple,ฟีเจอร์สินค้า,4,ไม่สามารถสัมผัสหรือลองสินค้าได้จริง,"น้อยกว่า 15,000 บาท",นักเรียน / นักศึกษา
ชาย,18-25 ปี,โสด,"ดูหนัง / ฟังเพลง, เล่นเกม, โซเชียลมีเดีย","Instagram, Facebook, YouTube, Facebook Messenger, TikTok",3 - 5 ชั่วโมง,จำเป็น,Apple,ฟีเจอร์สินค้า,4,ไม่สามารถสัมผัสหรือลองสินค้าได้จริง,"น้อยกว่า 15,000 บาท",นักเรียน / นักศึกษา
ชาย,18-25 ปี,โสด,"ดูหนัง / ฟังเพลง, ติดต่อสื่อสาร / ประชุมงาน, โซเชียลมีเดีย","Instagram, Facebook, YouTube, Facebook Messenger, TikTok",มากกว่า 5 ชั่วโมง,จำเป็นมากที่สุด,Samsung,รีวิวสินค้า,4,ไม่สามารถสัมผัสหรือลองสินค้าได้จริง,"น้อยกว่า 15,000 บาท",นักเรียน / นักศึกษา
ชาย,18-25 ปี,โสด,"ดูหนัง / ฟังเพลง, เล่นเกม","Facebook, YouTube",มากกว่า 5 ชั่วโมง,จำเป็นมากที่สุด,HUAWEI,ฟีเจอร์สินค้า,3,ไม่สามารถสัมผัสหรือลองสินค้าได้จริง,"น้อยกว่า 15,000 บาท",นักเรียน / นักศึกษา
ชาย,18-25 ปี,โสด,"ดูหนัง / ฟังเพลง, เล่นเกม, โซเชียลมีเดีย","Instagram, Facebook, YouTube, Facebook Messenger, Spotify, TikTok",มากกว่า 5 ชั่วโมง,จำเป็น,Vivo,ฟีเจอร์สินค้า,4,ความกังวลเกี่ยวกับความปลอดภัยของการชำระเงิน,"น้อยกว่า 15,000 บาท",นักเรียน / นักศึกษา
หญิง,18-25 ปี,โสด,"ดูหนัง / ฟังเพลง, ถ่ายรูป ถ่ายวีดีโอ, ติดต่อสื่อสาร / ประชุมงาน","Instagram, YouTube, Facebook Messenger, TikTok",3 - 5 ชั่วโมง,จำเป็นมากที่สุด,Apple,ราคา,5,ความกังวลเกี่ยวกับความปลอดภัยของการชำระเงิน,"15,001 - 20,000 บาท",เจ้าของธุรกิจ/ธุรกิจส่วนตัว
หญิง,18-25 ปี,โสด,ดูหนัง / ฟังเพลง,"Instagram, YouTube, TikTok",3 - 5 ชั่วโมง,จำเป็นมากที่สุด,Apple,ฟีเจอร์สินค้า,4,ความกังวลเกี่ยวกับความปลอดภัยของการชำระเงิน,"น้อยกว่า 15,000 บาท",นักเรียน / นักศึกษา
หญิง,18-25 ปี,โสด,ดูหนัง / ฟังเพลง,Instagram,มากกว่า 5 ชั่วโมง,จำเป็นมากที่สุด,Realme,ฟีเจอร์สินค้า,5,ไม่สามารถสัมผัสหรือลองสินค้าได้จริง,"น้อยกว่า 15,000 บาท",นักเรียน / นักศึกษา
ชาย,18-25 ปี,โสด,"ดูหนัง / ฟังเพลง, ติดต่อสื่อสาร / ประชุมงาน, โซเชียลมีเดีย","Instagram, Facebook, YouTube, Facebook Messenger, Spotify, TikTok, Telegram",1 - 3 ชั่วโมง,จำเป็นมากที่สุด,เครื่องคิดเลข,ฟีเจอร์สินค้า,5,ความกังวลเกี่ยวกับความปลอดภัยของการชำระเงิน,"15,001 - 20,000 บาท",นักเรียน / นักศึกษา
ชาย,18-25 ปี,โสด,"ดูหนัง / ฟังเพลง, เล่นเกม, โซเชียลมีเดีย","Instagram, Facebook, YouTube, Facebook Messenger, Spotify",มากกว่า 5 ชั่วโมง,จำเป็น,Samsung,รีวิวสินค้า,4,ไม่สามารถสัมผัสหรือลองสินค้าได้จริง,"น้อยกว่า 15,000 บาท",นักเรียน / นักศึกษา
ชาย,18-25 ปี,โสด,"ดูหนัง / ฟังเพลง, เล่นเกม, โซเชียลมีเดีย","Instagram, Facebook, YouTube, Facebook Messenger, TikTok",มากกว่า 5 ชั่วโมง,จำเป็น,XIAOMI,ฟีเจอร์สินค้า,3,ไม่สามารถสัมผัสหรือลองสินค้าได้จริง,"น้อยกว่า 15,000 บาท",นักเรียน / นักศึกษา
ชาย,18-25 ปี,โสด,"ดูหนัง / ฟังเพลง, เล่นเกม, โซเชียลมีเดีย","Facebook, YouTube, Facebook Messenger",3 - 5 ชั่วโมง,จำเป็น,Samsung,ราคา,4,ความกังวลเกี่ยวกับความปลอดภัยของการชำระเงิน,"น้อยกว่า 15,000 บาท",นักเรียน / นักศึกษา
หญิง,33-40 ปี,สมรส,"ดูหนัง / ฟังเพลง, ถ่ายรูป ถ่ายวีดีโอ, ติดต่อสื่อสาร / ประชุมงาน","Facebook, YouTube, Facebook Messenger, TikTok",มากกว่า 5 ชั่วโมง,จำเป็นมากที่สุด,Huawei,ฟีเจอร์สินค้า,4,ไม่สามารถสัมผัสหรือลองสินค้าได้จริง,"20,001 - 30,000 บาท",พนักงานบริษัทเอกชน
ชาย,18-25 ปี,โสด,"ดูหนัง / ฟังเพลง, เล่นเกม, โซเชียลมีเดีย","Instagram, Facebook, Facebook Messenger, TikTok, Telegram",มากกว่า 5 ชั่วโมง,จำเป็น,Oppo,ฟีเจอร์สินค้า,3,ความไม่แน่นอนเกี่ยวกับการรับประกันและการบริการหลังการขาย,"น้อยกว่า 15,000 บาท",นักเรียน / นักศึกษา
ชาย,18-25 ปี,โสด,"ดูหนัง / ฟังเพลง, เล่นเกม, ติดต่อสื่อสาร / ประชุมงาน","Instagram, Facebook, YouTube, Facebook Messenger, TikTok, Telegram",มากกว่า 5 ชั่วโมง,จำเป็นมากที่สุด,XIAOMI,ฟีเจอร์สินค้า,2,ความไม่แน่นอนเกี่ยวกับการรับประกันและการบริการหลังการขาย,"น้อยกว่า 15,000 บาท",นักเรียน / นักศึกษา
หญิง,18-25 ปี,โสด,"ดูหนัง / ฟังเพลง, ถ่ายรูป ถ่ายวีดีโอ, โซเชียลมีเดีย","Instagram, YouTube, TikTok",มากกว่า 5 ชั่วโมง,จำเป็นมากที่สุด,Apple,ฟีเจอร์สินค้า,4,ไม่สามารถสัมผัสหรือลองสินค้าได้จริง,"น้อยกว่า 15,000 บาท",นักเรียน / นักศึกษา
หญิง,18-25 ปี,โสด,"ดูหนัง / ฟังเพลง, ติดต่อสื่อสาร / ประชุมงาน, โซเชียลมีเดีย","Instagram, Facebook, YouTube, Facebook Messenger, Spotify, TikTok",มากกว่า 5 ชั่วโมง,จำเป็น,Samsung,รีวิวสินค้า,4,ความไม่แน่นอนเกี่ยวกับการรับประกันและการบริการหลังการขาย,"น้อยกว่า 15,000 บาท",นักเรียน / นักศึกษา
ชาย,18-25 ปี,โสด,"ดูหนัง / ฟังเพลง, เล่นเกม, โซเชียลมีเดีย","Instagram, Facebook, YouTube, Facebook Messenger, TikTok",มากกว่า 5 ชั่วโมง,จำเป็นมากที่สุด,Apple,ฟีเจอร์สินค้า,5,ความไม่แน่นอนเกี่ยวกับการรับประกันและการบริการหลังการขาย,"น้อยกว่า 15,000 บาท",นักเรียน / นักศึกษา
หญิง,18-25 ปี,โสด,"ดูหนัง / ฟังเพลง, ถ่ายรูป ถ่ายวีดีโอ, โซเชียลมีเดีย","Instagram, YouTube, Spotify, TikTok",3 - 5 ชั่วโมง,จำเป็นมากที่สุด,Apple,ฟีเจอร์สินค้า,5,ความกังวลเกี่ยวกับความปลอดภัยของการชำระเงิน,"น้อยกว่า 15,000 บาท",นักเรียน / นักศึกษา
หญิง,18-25 ปี,โสด,"ดูหนัง / ฟังเพลง, ถ่ายรูป ถ่ายวีดีโอ, โซเชียลมีเดีย","Instagram, TikTok",มากกว่า 5 ชั่วโมง,จำเป็นมากที่สุด,Apple,รีวิวสินค้า,5,ไม่สามารถสัมผัสหรือลองสินค้าได้จริง,"น้อยกว่า 15,000 บาท",นักเรียน / นักศึกษา
หญิง,18-25 ปี,โสด,"ดูหนัง / ฟังเพลง, ถ่ายรูป ถ่ายวีดีโอ, โซเชียลมีเดีย","Instagram, Facebook, YouTube, Facebook Messenger, Spotify, TikTok",มากกว่า 5 ชั่วโมง,จำเป็น,Apple,ฟีเจอร์สินค้า,4,ความกังวลเกี่ยวกับความปลอดภัยของการชำระเงิน,"น้อยกว่า 15,000 บาท",นักเรียน / นักศึกษา
หญิง,18-25 ปี,โสด,"ดูหนัง / ฟังเพลง, ถ่ายรูป ถ่ายวีดีโอ, โซเชียลมีเดีย","Instagram, TikTok",มากกว่า 5 ชั่วโมง,จำเป็นมากที่สุด,Apple,รีวิวสินค้า,4,ความกังวลเกี่ยวกับความปลอดภัยของการชำระเงิน,"น้อยกว่า 15,000 บาท",นักเรียน / นักศึกษา
หญิง,18-25 ปี,โสด,"ดูหนัง / ฟังเพลง, เล่นเกม, โซเชียลมีเดีย","Instagram, Facebook, YouTube, Facebook Messenger, TikTok, Line",มากกว่า 5 ชั่วโมง,จำเป็น,Oppo,รีวิวสินค้า,5,ไม่สามารถสัมผัสหรือลองสินค้าได้จริง,"น้อยกว่า 15,000 บาท",นักเรียน / นักศึกษา
หญิง,18-25 ปี,โสด,"Appication บน cloud, ติดต่อสื่อสาร / ประชุมงาน, โซเชียลมีเดีย","Instagram, Facebook, Facebook Messenger, TikTok, LINE",มากกว่า 5 ชั่วโมง,จำเป็นมากที่สุด,Apple,ราคา,5,ไม่สามารถสัมผัสหรือลองสินค้าได้จริง,"20,001 - 30,000 บาท",นักเรียน / นักศึกษา
หญิง,18-25 ปี,โสด,"ดูหนัง / ฟังเพลง, เล่นเกม, โซเชียลมีเดีย","Instagram, Facebook, YouTube, Facebook Messenger, Spotify, TikTok",มากกว่า 5 ชั่วโมง,จำเป็นมากที่สุด,Samsung,ฟีเจอร์สินค้า,5,ความไม่แน่นอนเกี่ยวกับการรับประกันและการบริการหลังการขาย,"น้อยกว่า 15,000 บาท",นักเรียน / นักศึกษา
หญิง,26-32 ปี,โสด,"ดูหนัง / ฟังเพลง, เล่นเกม, ถ่ายรูป ถ่ายวีดีโอ","Instagram, Facebook, YouTube, Facebook Messenger, TikTok",1 - 3 ชั่วโมง,จำเป็น,Apple,รีวิวสินค้า,4,ความกังวลเกี่ยวกับความปลอดภัยของการชำระเงิน,"น้อยกว่า 15,000 บาท",เจ้าของธุรกิจ/ธุรกิจส่วนตัว
หญิง,18-25 ปี,โสด,"ดูหนัง / ฟังเพลง, โซเชียลมีเดีย","Instagram, YouTube",มากกว่า 5 ชั่วโมง,จำเป็นมากที่สุด,Apple,ฟีเจอร์สินค้า,5,ความกังวลเกี่ยวกับความปลอดภัยของการชำระเงิน,"20,001 - 30,000 บาท",นักเรียน / นักศึกษา
หญิง,26-32 ปี,โสด,"ถ่ายรูป ถ่ายวีดีโอ, ติดต่อสื่อสาร / ประชุมงาน, โซเชียลมีเดีย","Instagram, Facebook, YouTube, Facebook Messenger, Spotify, TikTok",มากกว่า 5 ชั่วโมง,จำเป็น,Apple,รีวิวสินค้า,4,ไม่สามารถสัมผัสหรือลองสินค้าได้จริง,"20,001 - 30,000 บาท",เจ้าของธุรกิจ/ธุรกิจส่วนตัว
ชาย,18-25 ปี,โสด,"ดูหนัง / ฟังเพลง, เล่นเกม, โซเชียลมีเดีย","Instagram, Facebook, YouTube, Facebook Messenger, Telegram",3 - 5 ชั่วโมง,จำเป็น,XIAOMI,ราคา,4,ความไม่แน่นอนเกี่ยวกับการรับประกันและการบริการหลังการขาย,"น้อยกว่า 15,000 บาท",นักเรียน / นักศึกษา
หญิง,18-25 ปี,โสด,"ดูหนัง / ฟังเพลง, ถ่ายรูป ถ่ายวีดีโอ","Instagram, Facebook, YouTube, TikTok",มากกว่า 5 ชั่วโมง,จำเป็นมากที่สุด,Apple,ราคา,4,ความกังวลเกี่ยวกับความปลอดภัยของการชำระเงิน,"น้อยกว่า 15,000 บาท",นักเรียน / นักศึกษา
หญิง,18-25 ปี,โสด,"ดูหนัง / ฟังเพลง, เล่นเกม, โซเชียลมีเดีย","Instagram, Facebook, YouTube, Facebook Messenger, Spotify, TikTok",3 - 5 ชั่วโมง,จำเป็นมากที่สุด,Apple,รีวิวสินค้า,5,ไม่สามารถสัมผัสหรือลองสินค้าได้จริง,"น้อยกว่า 15,000 บาท",นักเรียน / นักศึกษา
หญิง,18-25 ปี,โสด,"ดูหนัง / ฟังเพลง, เล่นเกม, โซเชียลมีเดีย","Instagram, Facebook, YouTube, Facebook Messenger, Spotify, TikTok",3 - 5 ชั่วโมง,จำเป็นมากที่สุด,Apple,รีวิวสินค้า,5,ไม่สามารถสัมผัสหรือลองสินค้าได้จริง,"น้อยกว่า 15,000 บาท",นักเรียน / นักศึกษา
หญิง,18-25 ปี,โสด,"ดูหนัง / ฟังเพลง, ถ่ายรูป ถ่ายวีดีโอ","Instagram, Facebook, YouTube, TikTok",มากกว่า 5 ชั่วโมง,จำเป็นมากที่สุด,Apple,ราคา,4,ความกังวลเกี่ยวกับความปลอดภัยของการชำระเงิน,"น้อยกว่า 15,000 บาท",นักเรียน / นักศึกษา
ชาย,18-25 ปี,โสด,"ดูหนัง / ฟังเพลง, เล่นเกม, โซเชียลมีเดีย","Instagram, Facebook Messenger, TikTok",1 - 3 ชั่วโมง,จำเป็น,Vivo,รีวิวสินค้า,4,ไม่สามารถสัมผัสหรือลองสินค้าได้จริง,"15,001 - 20,000 บาท",เจ้าของธุรกิจ/ธุรกิจส่วนตัว
ชาย,18-25 ปี,โสด,"ดูหนัง / ฟังเพลง, เล่นเกม, โซเชียลมีเดีย","Instagram, Facebook, YouTube, Facebook Messenger, Spotify, TikTok, Telegram",มากกว่า 5 ชั่วโมง,จำเป็นมากที่สุด,XIAOMI,ราคา,4,ความไม่แน่นอนเกี่ยวกับการรับประกันและการบริการหลังการขาย,"น้อยกว่า 15,000 บาท",นักเรียน / นักศึกษา
ชาย,18-25 ปี,โสด,"ดูหนัง / ฟังเพลง, ถ่ายรูป ถ่ายวีดีโอ","Instagram, Facebook, YouTube, Facebook Messenger, TikTok",มากกว่า 5 ชั่วโมง,จำเป็น,Apple,ราคา,4,ความไม่แน่นอนเกี่ยวกับการรับประกันและการบริการหลังการขาย,"น้อยกว่า 15,000 บาท",นักเรียน / นักศึกษา
หญิง,18-25 ปี,โสด,"ดูหนัง / ฟังเพลง, ติดต่อสื่อสาร / ประชุมงาน, โซเชียลมีเดีย","Instagram, Facebook, YouTube, Facebook Messenger, TikTok",มากกว่า 5 ชั่วโมง,จำเป็นมากที่สุด,Apple,ฟีเจอร์สินค้า,4,ความกังวลเกี่ยวกับความปลอดภัยของการชำระเงิน,"น้อยกว่า 15,000 บาท",นักเรียน / นักศึกษา
หญิง,18-25 ปี,โสด,"ดูหนัง / ฟังเพลง, เล่นเกม, ถ่ายรูป ถ่ายวีดีโอ","Instagram, Facebook, YouTube, Facebook Messenger, Spotify, TikTok",มากกว่า 5 ชั่วโมง,จำเป็นมากที่สุด,Samsung,ราคา,5,ความไม่แน่นอนเกี่ยวกับการรับประกันและการบริการหลังการขาย,"น้อยกว่า 15,000 บาท",นักเรียน / นักศึกษา
ชาย,18-25 ปี,โสด,"ดูหนัง / ฟังเพลง, เล่นเกม, โซเชียลมีเดีย","Instagram, Facebook, YouTube, Facebook Messenger, TikTok, Telegram",มากกว่า 5 ชั่วโมง,จำเป็นมากที่สุด,Apple,ฟีเจอร์สินค้า,5,ไม่สามารถสัมผัสหรือลองสินค้าได้จริง,"น้อยกว่า 15,000 บาท",นักเรียน / นักศึกษา
ชาย,26-32 ปี,โสด,"ดูหนัง / ฟังเพลง, ติดต่อสื่อสาร / ประชุมงาน, โซเชียลมีเดีย","Instagram, Facebook, YouTube, Facebook Messenger, TikTok",มากกว่า 5 ชั่วโมง,จำเป็น,Samsung,ฟีเจอร์สินค้า,4,ความไม่แน่นอนเกี่ยวกับการรับประกันและการบริการหลังการขาย,"30,001 - 40,000 บาท",เจ้าของธุรกิจ/ธุรกิจส่วนตัว
ชาย,18-25 ปี,โสด,"ดูหนัง / ฟังเพลง, เล่นเกม, โซเชียลมีเดีย","Instagram, Facebook, YouTube, Facebook Messenger, TikTok",มากกว่า 5 ชั่วโมง,จำเป็นมากที่สุด,Samsung,รีวิวสินค้า,3,ความไม่แน่นอนเกี่ยวกับการรับประกันและการบริการหลังการขาย,"น้อยกว่า 15,000 บาท",นักเรียน / นักศึกษา
ชาย,26-32 ปี,โสด,"ดูหนัง / ฟังเพลง, ติดต่อสื่อสาร / ประชุมงาน, โซเชียลมีเดีย","Instagram, Facebook, YouTube, Facebook Messenger, TikTok",มากกว่า 5 ชั่วโมง,จำเป็น,Samsung,ฟีเจอร์สินค้า,4,ความล่าช้าในการจัดส่งหรือปัญหาในการจัดส่ง,"20,001 - 30,000 บาท",เจ้าของธุรกิจ/ธุรกิจส่วนตัว
ชาย,26-32 ปี,โสด,"ดูหนัง / ฟังเพลง, เล่นเกม",YouTube,มากกว่า 5 ชั่วโมง,จำเป็น,Apple,ฟีเจอร์สินค้า,4,ความกังวลเกี่ยวกับความปลอดภัยของการชำระเงิน,"15,001 - 20,000 บาท",เจ้าของธุรกิจ/ธุรกิจส่วนตัว
ชาย,18-25 ปี,โสด,"ดูหนัง / ฟังเพลง, เล่นเกม","Instagram, Facebook, YouTube, Facebook Messenger, TikTok",มากกว่า 5 ชั่วโมง,จำเป็นมากที่สุด,Apple,ฟีเจอร์สินค้า,5,ไม่สามารถสัมผัสหรือลองสินค้าได้จริง,"น้อยกว่า 15,000 บาท",นักเรียน / นักศึกษา
ชาย,18-25 ปี,โสด,"ดูหนัง / ฟังเพลง, เล่นเกม, ถ่ายรูป ถ่ายวีดีโอ","Instagram, Facebook, TikTok",มากกว่า 5 ชั่วโมง,จำเป็นมากที่สุด,Apple,ฟีเจอร์สินค้า,4,ไม่สามารถสัมผัสหรือลองสินค้าได้จริง,"น้อยกว่า 15,000 บาท",นักเรียน / นักศึกษา
ชาย,18-25 ปี,โสด,"ดูหนัง / ฟังเพลง, เล่นเกม, ถ่ายรูป ถ่ายวีดีโอ","Instagram, Facebook, YouTube, Facebook Messenger, Spotify, TikTok",3 - 5 ชั่วโมง,จำเป็น,Apple,ราคา,5,ความกังวลเกี่ยวกับความปลอดภัยของการชำระเงิน,"น้อยกว่า 15,000 บาท",นักเรียน / นักศึกษา
ชาย,18-25 ปี,โสด,"ถ่ายรูป ถ่ายวีดีโอ, ติดต่อสื่อสาร / ประชุมงาน, โซเชียลมีเดีย","Instagram, Facebook, YouTube, Facebook Messenger, Spotify, TikTok, Telegram",มากกว่า 5 ชั่วโมง,จำเป็น,Apple,ฟีเจอร์สินค้า,5,ไม่สามารถสัมผัสหรือลองสินค้าได้จริง,"น้อยกว่า 15,000 บาท",นักเรียน / นักศึกษา
ชาย,18-25 ปี,โสด,"ดูหนัง / ฟังเพลง, เล่นเกม, โซเชียลมีเดีย","Instagram, Facebook Messenger, TikTok",มากกว่า 5 ชั่วโมง,จำเป็น,Apple,ฟีเจอร์สินค้า,4,ความกังวลเกี่ยวกับความปลอดภัยของการชำระเงิน,"น้อยกว่า 15,000 บาท",นักเรียน / นักศึกษา
หญิง,18-25 ปี,โสด,"ดูหนัง / ฟังเพลง, เล่นเกม, โซเชียลมีเดีย","Instagram, Facebook, YouTube, Facebook Messenger, TikTok, Line, X",มากกว่า 5 ชั่วโมง,จำเป็นมากที่สุด,Vivo,ฟีเจอร์สินค้า,5,ความกังวลเกี่ยวกับความปลอดภัยของการชำระเงิน,"น้อยกว่า 15,000 บาท",นักเรียน / นักศึกษา
ชาย,18-25 ปี,โสด,"เล่นเกม, ถ่ายรูป ถ่ายวีดีโอ, ติดต่อสื่อสาร / ประชุมงาน","Instagram, Facebook, YouTube, Facebook Messenger, TikTok",1 - 3 ชั่วโมง,จำเป็นมากที่สุด,Apple,รีวิวสินค้า,5,ไม่สามารถสัมผัสหรือลองสินค้าได้จริง,"น้อยกว่า 15,000 บาท",นักเรียน / นักศึกษา
ชาย,18-25 ปี,โสด,"ดูหนัง / ฟังเพลง, ถ่ายรูป ถ่ายวีดีโอ, ติดต่อสื่อสาร / ประชุมงาน","Instagram, Facebook, YouTube, Facebook Messenger, Telegram",1 - 3 ชั่วโมง,จำเป็น,Realme 7 5G,ฟีเจอร์สินค้า,3,ความกังวลเกี่ยวกับความปลอดภัยของการชำระเงิน,"น้อยกว่า 15,000 บาท",นักเรียน / นักศึกษา
ชาย,18-25 ปี,โสด,"ดูหนัง / ฟังเพลง, เล่นเกม, ถ่ายรูป ถ่ายวีดีโอ","Instagram, Facebook, YouTube, Facebook Messenger, Spotify, TikTok",1 - 3 ชั่วโมง,จำเป็น,XIAOMI,รีวิวสินค้า,4,ความไม่แน่นอนเกี่ยวกับการรับประกันและการบริการหลังการขาย,"น้อยกว่า 15,000 บาท",นักเรียน / นักศึกษา
ชาย,18-25 ปี,โสด,ดูหนัง / ฟังเพลง,"Instagram, Facebook, YouTube, Snapchat, Facebook Messenger, Spotify, WhatsApp, TikTok",3 - 5 ชั่วโมง,จำเป็นมากที่สุด,Apple,ราคา,3,ความกังวลเกี่ยวกับความปลอดภัยของการชำระเงิน,"น้อยกว่า 15,000 บาท",นักเรียน / นักศึกษา
ชาย,18-25 ปี,โสด,"ดูหนัง / ฟังเพลง, เล่นเกม, โซเชียลมีเดีย","Instagram, Facebook, YouTube, Facebook Messenger",มากกว่า 5 ชั่วโมง,จำเป็นมากที่สุด,Samsung,ราคา,3,ความกังวลเกี่ยวกับความปลอดภัยของการชำระเงิน,"น้อยกว่า 15,000 บาท",นักเรียน / นักศึกษา
ชาย,18-25 ปี,โสด,ดูหนัง / ฟังเพลง,"YouTube, Facebook Messenger, Discord, Wise",มากกว่า 5 ชั่วโมง,จำเป็น,Apple,ฟีเจอร์สินค้า,4,ไม่สามารถสัมผัสหรือลองสินค้าได้จริง,"มากกว่า 50,001 บาทขึ้นไป",เจ้าของธุรกิจ/ธุรกิจส่วนตัว
หญิง,18-25 ปี,โสด,"ดูหนัง / ฟังเพลง, เล่นเกม, ติดต่อสื่อสาร / ประชุมงาน","Instagram, Facebook, YouTube, Spotify, TikTok",มากกว่า 5 ชั่วโมง,จำเป็นมากที่สุด,Apple,ราคา,4,ไม่สามารถสัมผัสหรือลองสินค้าได้จริง,"น้อยกว่า 15,000 บาท",นักเรียน / นักศึกษา
ชาย,18-25 ปี,โสด,"ดูหนัง / ฟังเพลง, ถ่ายรูป ถ่ายวีดีโอ, ติดต่อสื่อสาร / ประชุมงาน","Instagram, Facebook, YouTube, Facebook Messenger, Spotify",มากกว่า 5 ชั่วโมง,จำเป็นมากที่สุด,Oppo,ราคา,4,ความไม่แน่นอนเกี่ยวกับการรับประกันและการบริการหลังการขาย,"น้อยกว่า 15,000 บาท",นักเรียน / นักศึกษา
หญิง,18-25 ปี,โสด,"ดูหนัง / ฟังเพลง, ติดต่อสื่อสาร / ประชุมงาน, โซเชียลมีเดีย","Instagram, Facebook, YouTube, Facebook Messenger, TikTok",มากกว่า 5 ชั่วโมง,จำเป็นมากที่สุด,Realme,ฟีเจอร์สินค้า,5,ความกังวลเกี่ยวกับความปลอดภัยของการชำระเงิน,"น้อยกว่า 15,000 บาท",นักเรียน / นักศึกษา
ชาย,18-25 ปี,โสด,"ดูหนัง / ฟังเพลง, เล่นเกม, โซเชียลมีเดีย","Facebook, YouTube, Facebook Messenger",1 - 3 ชั่วโมง,จำเป็น,Oppo,ราคา,4,ไม่สามารถสัมผัสหรือลองสินค้าได้จริง,"น้อยกว่า 15,000 บาท",นักเรียน / นักศึกษา
ชาย,18-25 ปี,สมรส,"ดูหนัง / ฟังเพลง, โซเชียลมีเดีย","Instagram, Facebook, YouTube, Facebook Messenger, TikTok",1 - 3 ชั่วโมง,จำเป็นมากที่สุด,Samsung,รีวิวสินค้า,4,ความกังวลเกี่ยวกับความปลอดภัยของการชำระเงิน,"น้อยกว่า 15,000 บาท",พนักงานโรงงานอุตสาหกรรม
หญิง,26-32 ปี,โสด,"ดูหนัง / ฟังเพลง, เล่นเกม, ติดต่อสื่อสาร / ประชุมงาน","Facebook, Facebook Messenger, Spotify",มากกว่า 5 ชั่วโมง,จำเป็นมากที่สุด,Apple,ฟีเจอร์สินค้า,3,ไม่สามารถสัมผัสหรือลองสินค้าได้จริง,"น้อยกว่า 15,000 บาท",พนักงานบริษัทเอกชน
ชาย,18-25 ปี,โสด,"ดูหนัง / ฟังเพลง, ถ่ายรูป ถ่ายวีดีโอ, โซเชียลมีเดีย","Instagram, Facebook, YouTube, Facebook Messenger",3 - 5 ชั่วโมง,จำเป็น,Samsung,ฟีเจอร์สินค้า,4,ความไม่แน่นอนเกี่ยวกับการรับประกันและการบริการหลังการขาย,"น้อยกว่า 15,000 บาท",นักเรียน / นักศึกษา
หญิง,18-25 ปี,โสด,"ถ่ายรูป ถ่ายวีดีโอ, ติดต่อสื่อสาร / ประชุมงาน, โซเชียลมีเดีย","Instagram, Facebook, YouTube",3 - 5 ชั่วโมง,จำเป็น,Apple,ฟีเจอร์สินค้า,5,ความไม่แน่นอนเกี่ยวกับการรับประกันและการบริการหลังการขาย,"น้อยกว่า 15,000 บาท",นักเรียน / นักศึกษา
หญิง,18-25 ปี,โสด,ดูหนัง / ฟังเพลง,"Instagram, Facebook, Facebook Messenger, TikTok",1 - 3 ชั่วโมง,จำเป็นมากที่สุด,Oppo,รีวิวสินค้า,3,ความไม่แน่นอนเกี่ยวกับการรับประกันและการบริการหลังการขาย,"น้อยกว่า 15,000 บาท",นักเรียน / นักศึกษา
หญิง,33-40 ปี,สมรส,"ถ่ายรูป ถ่ายวีดีโอ, ติดต่อสื่อสาร / ประชุมงาน, โซเชียลมีเดีย","Facebook, Facebook Messenger",1 - 3 ชั่วโมง,จำเป็นมากที่สุด,Samsung,ราคา,5,ไม่สามารถสัมผัสหรือลองสินค้าได้จริง,"15,001 - 20,000 บาท",พนักงานข้าราชการ
หญิง,33-40 ปี,สมรส,"ถ่ายรูป ถ่ายวีดีโอ, ติดต่อสื่อสาร / ประชุมงาน, โซเชียลมีเดีย","Facebook, Facebook Messenger",1 - 3 ชั่วโมง,จำเป็นมากที่สุด,Samsung,ราคา,5,ไม่สามารถสัมผัสหรือลองสินค้าได้จริง,"15,001 - 20,000 บาท",พนักงานข้าราชการ
หญิง,33-40 ปี,สมรส,"ถ่ายรูป ถ่ายวีดีโอ, ติดต่อสื่อสาร / ประชุมงาน, โซเชียลมีเดีย","Facebook, Facebook Messenger",1 - 3 ชั่วโมง,จำเป็นมากที่สุด,Samsung,ราคา,5,ไม่สามารถสัมผัสหรือลองสินค้าได้จริง,"15,001 - 20,000 บาท",พนักงานข้าราชการ
หญิง,33-40 ปี,สมรส,"ถ่ายรูป ถ่ายวีดีโอ, ติดต่อสื่อสาร / ประชุมงาน, โซเชียลมีเดีย","Facebook, Facebook Messenger",1 - 3 ชั่วโมง,จำเป็นมากที่สุด,Samsung,ราคา,5,ไม่สามารถสัมผัสหรือลองสินค้าได้จริง,"15,001 - 20,000 บาท",พนักงานข้าราชการ
หญิง,33-40 ปี,สมรส,"ถ่ายรูป ถ่ายวีดีโอ, ติดต่อสื่อสาร / ประชุมงาน, โซเชียลมีเดีย","Facebook, Facebook Messenger",1 - 3 ชั่วโมง,จำเป็นมากที่สุด,Samsung,ราคา,5,ไม่สามารถสัมผัสหรือลองสินค้าได้จริง,"15,001 - 20,000 บาท",พนักงานข้าราชการ
หญิง,33-40 ปี,สมรส,"ถ่ายรูป ถ่ายวีดีโอ, ติดต่อสื่อสาร / ประชุมงาน, โซเชียลมีเดีย","Facebook, Facebook Messenger",1 - 3 ชั่วโมง,จำเป็นมากที่สุด,Samsung,ราคา,5,ไม่สามารถสัมผัสหรือลองสินค้าได้จริง,"15,001 - 20,000 บาท",พนักงานข้าราชการ
หญิง,33-40 ปี,สมรส,"ถ่ายรูป ถ่ายวีดีโอ, ติดต่อสื่อสาร / ประชุมงาน, โซเชียลมีเดีย","Facebook, Facebook Messenger",1 - 3 ชั่วโมง,จำเป็นมากที่สุด,Samsung,ราคา,5,ไม่สามารถสัมผัสหรือลองสินค้าได้จริง,"15,001 - 20,000 บาท",พนักงานข้าราชการ
หญิง,33-40 ปี,สมรส,"ถ่ายรูป ถ่ายวีดีโอ, ติดต่อสื่อสาร / ประชุมงาน, โซเชียลมีเดีย","Facebook, Facebook Messenger",1 - 3 ชั่วโมง,จำเป็นมากที่สุด,Samsung,ราคา,5,ไม่สามารถสัมผัสหรือลองสินค้าได้จริง,"15,001 - 20,000 บาท",พนักงานข้าราชการ
หญิง,33-40 ปี,สมรส,"ถ่ายรูป ถ่ายวีดีโอ, ติดต่อสื่อสาร / ประชุมงาน, โซเชียลมีเดีย","Facebook, Facebook Messenger",1 - 3 ชั่วโมง,จำเป็นมากที่สุด,Samsung,ราคา,5,ไม่สามารถสัมผัสหรือลองสินค้าได้จริง,"15,001 - 20,000 บาท",พนักงานข้าราชการ
หญิง,33-40 ปี,สมรส,"ถ่ายรูป ถ่ายวีดีโอ, ติดต่อสื่อสาร / ประชุมงาน, โซเชียลมีเดีย","Facebook, Facebook Messenger",1 - 3 ชั่วโมง,จำเป็นมากที่สุด,Samsung,ราคา,5,ไม่สามารถสัมผัสหรือลองสินค้าได้จริง,"15,001 - 20,000 บาท",พนักงานข้าราชการ
หญิง,33-40 ปี,สมรส,"ถ่ายรูป ถ่ายวีดีโอ, ติดต่อสื่อสาร / ประชุมงาน, โซเชียลมีเดีย","Facebook, Facebook Messenger",1 - 3 ชั่วโมง,จำเป็นมากที่สุด,Samsung,ราคา,5,ไม่สามารถสัมผัสหรือลองสินค้าได้จริง,"15,001 - 20,000 บาท",พนักงานข้าราชการ
หญิง,33-40 ปี,สมรส,"ถ่ายรูป ถ่ายวีดีโอ, ติดต่อสื่อสาร / ประชุมงาน, โซเชียลมีเดีย","Facebook, Facebook Messenger",1 - 3 ชั่วโมง,จำเป็นมากที่สุด,Samsung,ราคา,5,ไม่สามารถสัมผัสหรือลองสินค้าได้จริง,"15,001 - 20,000 บาท",พนักงานข้าราชการ
หญิง,33-40 ปี,สมรส,"ถ่ายรูป ถ่ายวีดีโอ, ติดต่อสื่อสาร / ประชุมงาน, โซเชียลมีเดีย","Facebook, Facebook Messenger",1 - 3 ชั่วโมง,จำเป็นมากที่สุด,Samsung,ราคา,5,ไม่สามารถสัมผัสหรือลองสินค้าได้จริง,"15,001 - 20,000 บาท",พนักงานข้าราชการ
หญิง,33-40 ปี,สมรส,"ถ่ายรูป ถ่ายวีดีโอ, ติดต่อสื่อสาร / ประชุมงาน, โซเชียลมีเดีย","Facebook, Facebook Messenger",1 - 3 ชั่วโมง,จำเป็นมากที่สุด,Samsung,ราคา,5,ไม่สามารถสัมผัสหรือลองสินค้าได้จริง,"15,001 - 20,000 บาท",พนักงานข้าราชการ
หญิง,33-40 ปี,สมรส,"ถ่ายรูป ถ่ายวีดีโอ, ติดต่อสื่อสาร / ประชุมงาน, โซเชียลมีเดีย","Facebook, Facebook Messenger",1 - 3 ชั่วโมง,จำเป็นมากที่สุด,Samsung,ราคา,5,ไม่สามารถสัมผัสหรือลองสินค้าได้จริง,"15,001 - 20,000 บาท",พนักงานข้าราชการ
หญิง,33-40 ปี,สมรส,"ถ่ายรูป ถ่ายวีดีโอ, ติดต่อสื่อสาร / ประชุมงาน, โซเชียลมีเดีย","Facebook, Facebook Messenger",1 - 3 ชั่วโมง,จำเป็นมากที่สุด,Samsung,ราคา,5,ไม่สามารถสัมผัสหรือลองสินค้าได้จริง,"15,001 - 20,000 บาท",พนักงานข้าราชการ
หญิง,33-40 ปี,สมรส,"ถ่ายรูป ถ่ายวีดีโอ, ติดต่อสื่อสาร / ประชุมงาน, โซเชียลมีเดีย","Facebook, Facebook Messenger",1 - 3 ชั่วโมง,จำเป็นมากที่สุด,Samsung,ราคา,5,ไม่สามารถสัมผัสหรือลองสินค้าได้จริง,"15,001 - 20,000 บาท",พนักงานข้าราชการ
หญิง,33-40 ปี,สมรส,"ถ่ายรูป ถ่ายวีดีโอ, ติดต่อสื่อสาร / ประชุมงาน, โซเชียลมีเดีย","Facebook, Facebook Messenger",1 - 3 ชั่วโมง,จำเป็นมากที่สุด,Samsung,ราคา,5,ไม่สามารถสัมผัสหรือลองสินค้าได้จริง,"15,001 - 20,000 บาท",พนักงานข้าราชการ
หญิง,33-40 ปี,สมรส,"ถ่ายรูป ถ่ายวีดีโอ, ติดต่อสื่อสาร / ประชุมงาน, โซเชียลมีเดีย","Facebook, Facebook Messenger",1 - 3 ชั่วโมง,จำเป็นมากที่สุด,Samsung,ราคา,5,ไม่สามารถสัมผัสหรือลองสินค้าได้จริง,"15,001 - 20,000 บาท",พนักงานข้าราชการ
หญิง,33-40 ปี,สมรส,"ถ่ายรูป ถ่ายวีดีโอ, ติดต่อสื่อสาร / ประชุมงาน, โซเชียลมีเดีย","Facebook, Facebook Messenger",1 - 3 ชั่วโมง,จำเป็นมากที่สุด,Samsung,ราคา,5,ไม่สามารถสัมผัสหรือลองสินค้าได้จริง,"15,001 - 20,000 บาท",พนักงานข้าราชการ
หญิง,33-40 ปี,สมรส,"ถ่ายรูป ถ่ายวีดีโอ, ติดต่อสื่อสาร / ประชุมงาน, โซเชียลมีเดีย","Facebook, Facebook Messenger",1 - 3 ชั่วโมง,จำเป็นมากที่สุด,Samsung,ราคา,5,ไม่สามารถสัมผัสหรือลองสินค้าได้จริง,"15,001 - 20,000 บาท",พนักงานข้าราชการ
หญิง,33-40 ปี,สมรส,"ถ่ายรูป ถ่ายวีดีโอ, ติดต่อสื่อสาร / ประชุมงาน, โซเชียลมีเดีย","Facebook, Facebook Messenger",1 - 3 ชั่วโมง,จำเป็นมากที่สุด,Samsung,ราคา,5,ไม่สามารถสัมผัสหรือลองสินค้าได้จริง,"15,001 - 20,000 บาท",พนักงานข้าราชการ
หญิง,33-40 ปี,สมรส,"ถ่ายรูป ถ่ายวีดีโอ, ติดต่อสื่อสาร / ประชุมงาน, โซเชียลมีเดีย","Facebook, Facebook Messenger",1 - 3 ชั่วโมง,จำเป็นมากที่สุด,Samsung,ราคา,5,ไม่สามารถสัมผัสหรือลองสินค้าได้จริง,"15,001 - 20,000 บาท",พนักงานข้าราชการ
หญิง,33-40 ปี,สมรส,"ถ่ายรูป ถ่ายวีดีโอ, ติดต่อสื่อสาร / ประชุมงาน, โซเชียลมีเดีย","Facebook, Facebook Messenger",1 - 3 ชั่วโมง,จำเป็นมากที่สุด,Samsung,ราคา,5,ไม่สามารถสัมผัสหรือลองสินค้าได้จริง,"15,001 - 20,000 บาท",พนักงานข้าราชการ
หญิง,33-40 ปี,สมรส,"ถ่ายรูป ถ่ายวีดีโอ, ติดต่อสื่อสาร / ประชุมงาน, โซเชียลมีเดีย","Facebook, Facebook Messenger",1 - 3 ชั่วโมง,จำเป็นมากที่สุด,Samsung,ราคา,5,ไม่สามารถสัมผัสหรือลองสินค้าได้จริง,"15,001 - 20,000 บาท",พนักงานข้าราชการ
หญิง,33-40 ปี,สมรส,"ถ่ายรูป ถ่ายวีดีโอ, ติดต่อสื่อสาร / ประชุมงาน, โซเชียลมีเดีย","Facebook, Facebook Messenger",1 - 3 ชั่วโมง,จำเป็นมากที่สุด,Samsung,ราคา,5,ไม่สามารถสัมผัสหรือลองสินค้าได้จริง,"15,001 - 20,000 บาท",พนักงานข้าราชการ
หญิง,33-40 ปี,สมรส,"ถ่ายรูป ถ่ายวีดีโอ, ติดต่อสื่อสาร / ประชุมงาน, โซเชียลมีเดีย","Facebook, Facebook Messenger",1 - 3 ชั่วโมง,จำเป็นมากที่สุด,Samsung,ราคา,5,ไม่สามารถสัมผัสหรือลองสินค้าได้จริง,"15,001 - 20,000 บาท",พนักงานข้าราชการ
หญิง,33-40 ปี,สมรส,"ถ่ายรูป ถ่ายวีดีโอ, ติดต่อสื่อสาร / ประชุมงาน, โซเชียลมีเดีย","Facebook, Facebook Messenger",1 - 3 ชั่วโมง,จำเป็นมากที่สุด,Samsung,ราคา,5,ไม่สามารถสัมผัสหรือลองสินค้าได้จริง,"15,001 - 20,000 บาท",พนักงานข้าราชการ
หญิง,33-40 ปี,สมรส,"ถ่ายรูป ถ่ายวีดีโอ, ติดต่อสื่อสาร / ประชุมงาน, โซเชียลมีเดีย","Facebook, Facebook Messenger",1 - 3 ชั่วโมง,จำเป็นมากที่สุด,Samsung,ราคา,5,ไม่สามารถสัมผัสหรือลองสินค้าได้จริง,"15,001 - 20,000 บาท",พนักงานข้าราชการ
หญิง,33-40 ปี,สมรส,"ถ่ายรูป ถ่ายวีดีโอ, ติดต่อสื่อสาร / ประชุมงาน, โซเชียลมีเดีย","Facebook, Facebook Messenger",1 - 3 ชั่วโมง,จำเป็นมากที่สุด,Samsung,ราคา,5,ไม่สามารถสัมผัสหรือลองสินค้าได้จริง,"15,001 - 20,000 บาท",พนักงานข้าราชการ
หญิง,33-40 ปี,สมรส,"ถ่ายรูป ถ่ายวีดีโอ, ติดต่อสื่อสาร / ประชุมงาน, โซเชียลมีเดีย","Facebook, Facebook Messenger",1 - 3 ชั่วโมง,จำเป็นมากที่สุด,Samsung,ราคา,5,ไม่สามารถสัมผัสหรือลองสินค้าได้จริง,"15,001 - 20,000 บาท",พนักงานข้าราชการ
หญิง,33-40 ปี,สมรส,"ถ่ายรูป ถ่ายวีดีโอ, ติดต่อสื่อสาร / ประชุมงาน, โซเชียลมีเดีย","Facebook, Facebook Messenger",1 - 3 ชั่วโมง,จำเป็นมากที่สุด,Samsung,ราคา,5,ไม่สามารถสัมผัสหรือลองสินค้าได้จริง,"15,001 - 20,000 บาท",พนักงานข้าราชการ
หญิง,33-40 ปี,สมรส,"ถ่ายรูป ถ่ายวีดีโอ, ติดต่อสื่อสาร / ประชุมงาน, โซเชียลมีเดีย","Facebook, Facebook Messenger",1 - 3 ชั่วโมง,จำเป็นมากที่สุด,Samsung,ราคา,5,ไม่สามารถสัมผัสหรือลองสินค้าได้จริง,"15,001 - 20,000 บาท",พนักงานข้าราชการ
หญิง,33-40 ปี,สมรส,"ถ่ายรูป ถ่ายวีดีโอ, ติดต่อสื่อสาร / ประชุมงาน, โซเชียลมีเดีย","Facebook, Facebook Messenger",1 - 3 ชั่วโมง,จำเป็นมากที่สุด,Samsung,ราคา,5,ไม่สามารถสัมผัสหรือลองสินค้าได้จริง,"15,001 - 20,000 บาท",พนักงานข้าราชการ
หญิง,33-40 ปี,สมรส,"ถ่ายรูป ถ่ายวีดีโอ, ติดต่อสื่อสาร / ประชุมงาน, โซเชียลมีเดีย","Facebook, Facebook Messenger",1 - 3 ชั่วโมง,จำเป็นมากที่สุด,Samsung,ราคา,5,ไม่สามารถสัมผัสหรือลองสินค้าได้จริง,"15,001 - 20,000 บาท",พนักงานข้าราชการ
หญิง,33-40 ปี,สมรส,"ถ่ายรูป ถ่ายวีดีโอ, ติดต่อสื่อสาร / ประชุมงาน, โซเชียลมีเดีย","Facebook, Facebook Messenger",1 - 3 ชั่วโมง,จำเป็นมากที่สุด,Samsung,ราคา,5,ไม่สามารถสัมผัสหรือลองสินค้าได้จริง,"15,001 - 20,000 บาท",พนักงานข้าราชการ
หญิง,33-40 ปี,สมรส,"ถ่ายรูป ถ่ายวีดีโอ, ติดต่อสื่อสาร / ประชุมงาน, โซเชียลมีเดีย","Facebook, Facebook Messenger",1 - 3 ชั่วโมง,จำเป็นมากที่สุด,Samsung,ราคา,5,ไม่สามารถสัมผัสหรือลองสินค้าได้จริง,"15,001 - 20,000 บาท",พนักงานข้าราชการ
หญิง,33-40 ปี,สมรส,"ถ่ายรูป ถ่ายวีดีโอ, ติดต่อสื่อสาร / ประชุมงาน, โซเชียลมีเดีย","Facebook, Facebook Messenger",1 - 3 ชั่วโมง,จำเป็นมากที่สุด,Samsung,ราคา,5,ไม่สามารถสัมผัสหรือลองสินค้าได้จริง,"15,001 - 20,000 บาท",พนักงานข้าราชการ
หญิง,33-40 ปี,สมรส,"ถ่ายรูป ถ่ายวีดีโอ, ติดต่อสื่อสาร / ประชุมงาน, โซเชียลมีเดีย","Facebook, Facebook Messenger",1 - 3 ชั่วโมง,จำเป็นมากที่สุด,Samsung,ราคา,5,ไม่สามารถสัมผัสหรือลองสินค้าได้จริง,"15,001 - 20,000 บาท",พนักงานข้าราชการ
หญิง,33-40 ปี,สมรส,"ถ่ายรูป ถ่ายวีดีโอ, ติดต่อสื่อสาร / ประชุมงาน, โซเชียลมีเดีย","Facebook, Facebook Messenger",1 - 3 ชั่วโมง,จำเป็นมากที่สุด,Samsung,ราคา,5,ไม่สามารถสัมผัสหรือลองสินค้าได้จริง,"15,001 - 20,000 บาท",พนักงานข้าราชการ
หญิง,33-40 ปี,สมรส,"ถ่ายรูป ถ่ายวีดีโอ, ติดต่อสื่อสาร / ประชุมงาน, โซเชียลมีเดีย","Facebook, Facebook Messenger",1 - 3 ชั่วโมง,จำเป็นมากที่สุด,Samsung,ราคา,5,ไม่สามารถสัมผัสหรือลองสินค้าได้จริง,"15,001 - 20,000 บาท",พนักงานข้าราชการ
หญิง,33-40 ปี,สมรส,"ถ่ายรูป ถ่ายวีดีโอ, ติดต่อสื่อสาร / ประชุมงาน, โซเชียลมีเดีย","Facebook, Facebook Messenger",1 - 3 ชั่วโมง,จำเป็นมากที่สุด,Samsung,ราคา,5,ไม่สามารถสัมผัสหรือลองสินค้าได้จริง,"15,001 - 20,000 บาท",พนักงานข้าราชการ
หญิง,26-32 ปี,โสด,"ดูหนัง / ฟังเพลง, เล่นเกม, ถ่ายรูป ถ่ายวีดีโอ","Instagram, Facebook, YouTube, TikTok",3 - 5 ชั่วโมง,จำเป็นมากที่สุด,Oppo,ราคา,5,ความกังวลเกี่ยวกับความปลอดภัยของการชำระเงิน,"น้อยกว่า 15,000 บาท",พนักงานโรงงานอุตสาหกรรม
หญิง,26-32 ปี,โสด,"ดูหนัง / ฟังเพลง, เล่นเกม, ถ่ายรูป ถ่ายวีดีโอ","Instagram, Facebook, YouTube, TikTok",3 - 5 ชั่วโมง,จำเป็นมากที่สุด,Oppo,ราคา,5,ความกังวลเกี่ยวกับความปลอดภัยของการชำระเงิน,"น้อยกว่า 15,000 บาท",พนักงานโรงงานอุตสาหกรรม
หญิง,26-32 ปี,โสด,"ดูหนัง / ฟังเพลง, เล่นเกม, ถ่ายรูป ถ่ายวีดีโอ","Instagram, Facebook, YouTube, TikTok",3 - 5 ชั่วโมง,จำเป็นมากที่สุด,Oppo,ราคา,5,ความกังวลเกี่ยวกับความปลอดภัยของการชำระเงิน,"น้อยกว่า 15,000 บาท",พนักงานโรงงานอุตสาหกรรม
หญิง,26-32 ปี,โสด,"ดูหนัง / ฟังเพลง, เล่นเกม, ถ่ายรูป ถ่ายวีดีโอ","Instagram, Facebook, YouTube, TikTok",3 - 5 ชั่วโมง,จำเป็นมากที่สุด,Oppo,ราคา,5,ความกังวลเกี่ยวกับความปลอดภัยของการชำระเงิน,"น้อยกว่า 15,000 บาท",พนักงานโรงงานอุตสาหกรรม
หญิง,26-32 ปี,โสด,"ดูหนัง / ฟังเพลง, เล่นเกม, ถ่ายรูป ถ่ายวีดีโอ","Instagram, Facebook, YouTube, TikTok",3 - 5 ชั่วโมง,จำเป็นมากที่สุด,Oppo,ราคา,5,ความกังวลเกี่ยวกับความปลอดภัยของการชำระเงิน,"น้อยกว่า 15,000 บาท",พนักงานโรงงานอุตสาหกรรม
หญิง,26-32 ปี,โสด,"ดูหนัง / ฟังเพลง, เล่นเกม, ถ่ายรูป ถ่ายวีดีโอ","Instagram, Facebook, YouTube, TikTok",3 - 5 ชั่วโมง,จำเป็นมากที่สุด,Oppo,ราคา,5,ความกังวลเกี่ยวกับความปลอดภัยของการชำระเงิน,"น้อยกว่า 15,000 บาท",พนักงานโรงงานอุตสาหกรรม
หญิง,26-32 ปี,โสด,"ดูหนัง / ฟังเพลง, เล่นเกม, ถ่ายรูป ถ่ายวีดีโอ","Instagram, Facebook, YouTube, TikTok",3 - 5 ชั่วโมง,จำเป็นมากที่สุด,Oppo,ราคา,5,ความกังวลเกี่ยวกับความปลอดภัยของการชำระเงิน,"น้อยกว่า 15,000 บาท",พนักงานโรงงานอุตสาหกรรม
หญิง,26-32 ปี,โสด,"ดูหนัง / ฟังเพลง, เล่นเกม, ถ่ายรูป ถ่ายวีดีโอ","Instagram, Facebook, YouTube, TikTok",3 - 5 ชั่วโมง,จำเป็นมากที่สุด,Oppo,ราคา,5,ความกังวลเกี่ยวกับความปลอดภัยของการชำระเงิน,"น้อยกว่า 15,000 บาท",พนักงานโรงงานอุตสาหกรรม
หญิง,26-32 ปี,โสด,"ดูหนัง / ฟังเพลง, เล่นเกม, ถ่ายรูป ถ่ายวีดีโอ","Instagram, Facebook, YouTube, TikTok",3 - 5 ชั่วโมง,จำเป็นมากที่สุด,Oppo,ราคา,5,ความกังวลเกี่ยวกับความปลอดภัยของการชำระเงิน,"น้อยกว่า 15,000 บาท",พนักงานโรงงานอุตสาหกรรม
หญิง,26-32 ปี,โสด,"ดูหนัง / ฟังเพลง, เล่นเกม, ถ่ายรูป ถ่ายวีดีโอ","Instagram, Facebook, YouTube, TikTok",3 - 5 ชั่วโมง,จำเป็นมากที่สุด,Oppo,ราคา,5,ความกังวลเกี่ยวกับความปลอดภัยของการชำระเงิน,"น้อยกว่า 15,000 บาท",พนักงานโรงงานอุตสาหกรรม
หญิง,26-32 ปี,โสด,"ดูหนัง / ฟังเพลง, เล่นเกม, ถ่ายรูป ถ่ายวีดีโอ","Instagram, Facebook, YouTube, TikTok",3 - 5 ชั่วโมง,จำเป็นมากที่สุด,Oppo,ราคา,5,ความกังวลเกี่ยวกับความปลอดภัยของการชำระเงิน,"น้อยกว่า 15,000 บาท",พนักงานโรงงานอุตสาหกรรม
หญิง,26-32 ปี,โสด,"ดูหนัง / ฟังเพลง, เล่นเกม, ถ่ายรูป ถ่ายวีดีโอ","Instagram, Facebook, YouTube, TikTok",3 - 5 ชั่วโมง,จำเป็นมากที่สุด,Oppo,ราคา,5,ความกังวลเกี่ยวกับความปลอดภัยของการชำระเงิน,"น้อยกว่า 15,000 บาท",พนักงานโรงงานอุตสาหกรรม
หญิง,26-32 ปี,โสด,"ดูหนัง / ฟังเพลง, เล่นเกม, ถ่ายรูป ถ่ายวีดีโอ","Instagram, Facebook, YouTube, TikTok",3 - 5 ชั่วโมง,จำเป็นมากที่สุด,Oppo,ราคา,5,ความกังวลเกี่ยวกับความปลอดภัยของการชำระเงิน,"น้อยกว่า 15,000 บาท",พนักงานโรงงานอุตสาหกรรม
หญิง,26-32 ปี,โสด,"ดูหนัง / ฟังเพลง, เล่นเกม, ถ่ายรูป ถ่ายวีดีโอ","Instagram, Facebook, YouTube, TikTok",3 - 5 ชั่วโมง,จำเป็นมากที่สุด,Oppo,ราคา,5,ความกังวลเกี่ยวกับความปลอดภัยของการชำระเงิน,"น้อยกว่า 15,000 บาท",พนักงานโรงงานอุตสาหกรรม
หญิง,26-32 ปี,โสด,"ดูหนัง / ฟังเพลง, เล่นเกม, ถ่ายรูป ถ่ายวีดีโอ","Instagram, Facebook, YouTube, TikTok",3 - 5 ชั่วโมง,จำเป็นมากที่สุด,Oppo,ราคา,5,ความกังวลเกี่ยวกับความปลอดภัยของการชำระเงิน,"น้อยกว่า 15,000 บาท",พนักงานโรงงานอุตสาหกรรม
หญิง,26-32 ปี,โสด,"ดูหนัง / ฟังเพลง, เล่นเกม, ถ่ายรูป ถ่ายวีดีโอ","Instagram, Facebook, YouTube, TikTok",3 - 5 ชั่วโมง,จำเป็นมากที่สุด,Oppo,ราคา,5,ความกังวลเกี่ยวกับความปลอดภัยของการชำระเงิน,"น้อยกว่า 15,000 บาท",พนักงานโรงงานอุตสาหกรรม
หญิง,26-32 ปี,โสด,"ดูหนัง / ฟังเพลง, เล่นเกม, ถ่ายรูป ถ่ายวีดีโอ","Instagram, Facebook, YouTube, TikTok",3 - 5 ชั่วโมง,จำเป็นมากที่สุด,Oppo,ราคา,5,ความกังวลเกี่ยวกับความปลอดภัยของการชำระเงิน,"น้อยกว่า 15,000 บาท",พนักงานโรงงานอุตสาหกรรม
หญิง,26-32 ปี,โสด,"ดูหนัง / ฟังเพลง, เล่นเกม, ถ่ายรูป ถ่ายวีดีโอ","Instagram, Facebook, YouTube, TikTok",3 - 5 ชั่วโมง,จำเป็นมากที่สุด,Oppo,ราคา,5,ความกังวลเกี่ยวกับความปลอดภัยของการชำระเงิน,"น้อยกว่า 15,000 บาท",พนักงานโรงงานอุตสาหกรรม
หญิง,26-32 ปี,โสด,"ดูหนัง / ฟังเพลง, เล่นเกม, ถ่ายรูป ถ่ายวีดีโอ","Instagram, Facebook, YouTube, TikTok",3 - 5 ชั่วโมง,จำเป็นมากที่สุด,Oppo,ราคา,5,ความกังวลเกี่ยวกับความปลอดภัยของการชำระเงิน,"น้อยกว่า 15,000 บาท",พนักงานโรงงานอุตสาหกรรม
หญิง,26-32 ปี,โสด,"ดูหนัง / ฟังเพลง, เล่นเกม, ถ่ายรูป ถ่ายวีดีโอ","Instagram, Facebook, YouTube, TikTok",3 - 5 ชั่วโมง,จำเป็นมากที่สุด,Oppo,ราคา,5,ความกังวลเกี่ยวกับความปลอดภัยของการชำระเงิน,"น้อยกว่า 15,000 บาท",พนักงานโรงงานอุตสาหกรรม
หญิง,26-32 ปี,โสด,"ดูหนัง / ฟังเพลง, เล่นเกม, ถ่ายรูป ถ่ายวีดีโอ","Instagram, Facebook, YouTube, TikTok",3 - 5 ชั่วโมง,จำเป็นมากที่สุด,Oppo,ราคา,5,ความกังวลเกี่ยวกับความปลอดภัยของการชำระเงิน,"น้อยกว่า 15,000 บาท",พนักงานโรงงานอุตสาหกรรม
ชาย,18-25 ปี,โสด,"ดูหนัง / ฟังเพลง, เล่นเกม, โซเชียลมีเดีย","Instagram, Facebook, YouTube, Facebook Messenger, Spotify, TikTok",มากกว่า 5 ชั่วโมง,จำเป็นมากที่สุด,infinix,ฟีเจอร์สินค้า,4,ความไม่แน่นอนเกี่ยวกับการรับประกันและการบริการหลังการขาย,"น้อยกว่า 15,000 บาท",นักเรียน / นักศึกษา
ชาย,60 ปีขึ้นไป,แยกกันอยู่,"เล่นเกม, ถ่ายรูป ถ่ายวีดีโอ","Instagram, Facebook, YouTube, Snapchat, Facebook Messenger, Spotify, WhatsApp, TikTok, Telegram",มากกว่า 5 ชั่วโมง,ไม่จำเป็น,Apple,ฟีเจอร์สินค้า,4,ความล่าช้าในการจัดส่งหรือปัญหาในการจัดส่ง,"มากกว่า 50,001 บาทขึ้นไป",นักเรียน / นักศึกษา
หญิง,26-32 ปี,โสด,"ดูหนัง / ฟังเพลง, เล่นเกม, ถ่ายรูป ถ่ายวีดีโอ","Instagram, Facebook, YouTube, TikTok",3 - 5 ชั่วโมง,จำเป็นมากที่สุด,Oppo,ราคา,5,ความกังวลเกี่ยวกับความปลอดภัยของการชำระเงิน,"น้อยกว่า 15,000 บาท",พนักงานโรงงานอุตสาหกรรม
หญิง,26-32 ปี,โสด,"ดูหนัง / ฟังเพลง, เล่นเกม, ถ่ายรูป ถ่ายวีดีโอ","Instagram, Facebook, YouTube, TikTok",3 - 5 ชั่วโมง,จำเป็นมากที่สุด,Oppo,ราคา,5,ความกังวลเกี่ยวกับความปลอดภัยของการชำระเงิน,"น้อยกว่า 15,000 บาท",พนักงานโรงงานอุตสาหกรรม
หญิง,26-32 ปี,โสด,"ดูหนัง / ฟังเพลง, เล่นเกม, ถ่ายรูป ถ่ายวีดีโอ","Instagram, Facebook, YouTube, TikTok",3 - 5 ชั่วโมง,จำเป็นมากที่สุด,Oppo,ราคา,5,ความกังวลเกี่ยวกับความปลอดภัยของการชำระเงิน,"น้อยกว่า 15,000 บาท",พนักงานโรงงานอุตสาหกรรม
หญิง,26-32 ปี,โสด,"ดูหนัง / ฟังเพลง, เล่นเกม, ถ่ายรูป ถ่ายวีดีโอ","Instagram, Facebook, YouTube, TikTok",3 - 5 ชั่วโมง,จำเป็นมากที่สุด,Oppo,ราคา,5,ความกังวลเกี่ยวกับความปลอดภัยของการชำระเงิน,"น้อยกว่า 15,000 บาท",พนักงานโรงงานอุตสาหกรรม
หญิง,26-32 ปี,โสด,"ดูหนัง / ฟังเพลง, เล่นเกม, ถ่ายรูป ถ่ายวีดีโอ","Instagram, Facebook, YouTube, TikTok",3 - 5 ชั่วโมง,จำเป็นมากที่สุด,Oppo,ราคา,5,ความกังวลเกี่ยวกับความปลอดภัยของการชำระเงิน,"น้อยกว่า 15,000 บาท",พนักงานโรงงานอุตสาหกรรม
หญิง,26-32 ปี,โสด,"ดูหนัง / ฟังเพลง, เล่นเกม, ถ่ายรูป ถ่ายวีดีโอ","Instagram, Facebook, YouTube, TikTok",3 - 5 ชั่วโมง,จำเป็นมากที่สุด,Oppo,ราคา,5,ความกังวลเกี่ยวกับความปลอดภัยของการชำระเงิน,"น้อยกว่า 15,000 บาท",พนักงานโรงงานอุตสาหกรรม
หญิง,26-32 ปี,โสด,"ดูหนัง / ฟังเพลง, เล่นเกม, ถ่ายรูป ถ่ายวีดีโอ","Instagram, Facebook, YouTube, TikTok",3 - 5 ชั่วโมง,จำเป็นมากที่สุด,Oppo,ราคา,5,ความกังวลเกี่ยวกับความปลอดภัยของการชำระเงิน,"น้อยกว่า 15,000 บาท",พนักงานโรงงานอุตสาหกรรม
หญิง,26-32 ปี,โสด,"ดูหนัง / ฟังเพลง, เล่นเกม, ถ่ายรูป ถ่ายวีดีโอ","Instagram, Facebook, YouTube, TikTok",3 - 5 ชั่วโมง,จำเป็นมากที่สุด,Oppo,ราคา,5,ความกังวลเกี่ยวกับความปลอดภัยของการชำระเงิน,"น้อยกว่า 15,000 บาท",พนักงานโรงงานอุตสาหกรรม
หญิง,26-32 ปี,โสด,"ดูหนัง / ฟังเพลง, เล่นเกม, ถ่ายรูป ถ่ายวีดีโอ","Instagram, Facebook, YouTube, TikTok",3 - 5 ชั่วโมง,จำเป็นมากที่สุด,Oppo,ราคา,5,ความกังวลเกี่ยวกับความปลอดภัยของการชำระเงิน,"น้อยกว่า 15,000 บาท",พนักงานโรงงานอุตสาหกรรม
หญิง,26-32 ปี,โสด,"ดูหนัง / ฟังเพลง, เล่นเกม, ถ่ายรูป ถ่ายวีดีโอ","Instagram, Facebook, YouTube, TikTok",3 - 5 ชั่วโมง,จำเป็นมากที่สุด,Oppo,ราคา,5,ความกังวลเกี่ยวกับความปลอดภัยของการชำระเงิน,"น้อยกว่า 15,000 บาท",พนักงานโรงงานอุตสาหกรรม
หญิง,26-32 ปี,โสด,"ดูหนัง / ฟังเพลง, เล่นเกม, ถ่ายรูป ถ่ายวีดีโอ","Instagram, Facebook, YouTube, TikTok",3 - 5 ชั่วโมง,จำเป็นมากที่สุด,Oppo,ราคา,5,ความกังวลเกี่ยวกับความปลอดภัยของการชำระเงิน,"น้อยกว่า 15,000 บาท",พนักงานโรงงานอุตสาหกรรม
ชาย,18-25 ปี,นักเรียน / นักศึกษา,"ดูหนัง / ฟังเพลง, เล่นเกม, ถ่ายรูป ถ่ายวีดีโอ",TikTok,0 - 1 ชั่วโมง,จำเป็นมากที่สุด,Apple,ราคา,5,ความกังวลเกี่ยวกับความปลอดภัยของการชำระเงิน,"น้อยกว่า 15,000 บาท",นักเรียน / นักศึกษา
หญิง,18-25 ปี,นักเรียน / นักศึกษา,"ดูหนัง / ฟังเพลง, เล่นเกม, ถ่ายรูป ถ่ายวีดีโอ",Instagram,มากกว่า 5 ชั่วโมง,จำเป็นมากที่สุด,Apple,ฟีเจอร์สินค้า,4,ความกังวลเกี่ยวกับความปลอดภัยของการชำระเงิน,"น้อยกว่า 15,000 บาท",นักเรียน / นักศึกษา
หญิง,18-25 ปี,โสด,"ติดต่อสื่อสาร / ประชุมงาน, โซเชียลมีเดีย",Instagram,1 - 3 ชั่วโมง,จำเป็น,Apple,ฟีเจอร์สินค้า,4,ความไม่แน่นอนเกี่ยวกับการรับประกันและการบริการหลังการขาย,"15,001 - 20,000 บาท",นักเรียน / นักศึกษา
หญิง,18-25 ปี,โสด,"ติดต่อสื่อสาร / ประชุมงาน, โซเชียลมีเดีย",Instagram,1 - 3 ชั่วโมง,จำเป็น,Apple,ฟีเจอร์สินค้า,4,ไม่สามารถสัมผัสหรือลองสินค้าได้จริง,"15,001 - 20,000 บาท",นักเรียน / นักศึกษา
Lgbtq+,18-25 ปี,โสด,"ดูหนัง / ฟังเพลง, ถ่ายรูป ถ่ายวีดีโอ, โซเชียลมีเดีย",Instagram,3 - 5 ชั่วโมง,จำเป็นมากที่สุด,XIAOMI,รีวิวสินค้า,4,ไม่สามารถสัมผัสหรือลองสินค้าได้จริง,"น้อยกว่า 15,000 บาท",นักเรียน / นักศึกษา
หญิง,18-25 ปี,โสด,"ดูหนัง / ฟังเพลง, เล่นเกม, ติดต่อสื่อสาร / ประชุมงาน",TikTok,มากกว่า 5 ชั่วโมง,จำเป็นมากที่สุด,Samsung,ราคา,5,ความไม่แน่นอนเกี่ยวกับการรับประกันและการบริการหลังการขาย,"น้อยกว่า 15,000 บาท",นักเรียน / นักศึกษา
หญิง,18-25 ปี,โสด,"ดูหนัง / ฟังเพลง, ติดต่อสื่อสาร / ประชุมงาน, โซเชียลมีเดีย",Facebook Messenger,มากกว่า 5 ชั่วโมง,จำเป็นมากที่สุด,Samsung,รีวิวสินค้า,5,ไม่สามารถสัมผัสหรือลองสินค้าได้จริง,"น้อยกว่า 15,000 บาท",นักเรียน / นักศึกษา
หญิง,18-25 ปี,โสด,"ดูหนัง / ฟังเพลง, เล่นเกม, Appication บน cloud",Instagram,3 - 5 ชั่วโมง,จำเป็น,Samsung,ฟีเจอร์สินค้า,3,ความกังวลเกี่ยวกับความปลอดภัยของการชำระเงิน,"น้อยกว่า 15,000 บาท",นักเรียน / นักศึกษา
หญิง,18-25 ปี,โสด,"Appication บน cloud, ติดต่อสื่อสาร / ประชุมงาน, โซเชียลมีเดีย",Facebook Messenger,1 - 3 ชั่วโมง,จำเป็น,Apple,รีวิวสินค้า,3,ความกังวลเกี่ยวกับความปลอดภัยของการชำระเงิน,"น้อยกว่า 15,000 บาท",นักเรียน / นักศึกษา
ชาย,18-25 ปี,โสด,ดูหนัง / ฟังเพลง,YouTube,1 - 3 ชั่วโมง,จำเป็น,Apple,ราคา,3,ความไม่แน่นอนเกี่ยวกับการรับประกันและการบริการหลังการขาย,"20,001 - 30,000 บาท",พนักงานบริษัทเอกชน
Lgbtq+,18-25 ปี,โสด,"ดูหนัง / ฟังเพลง, ถ่ายรูป ถ่ายวีดีโอ, โซเชียลมีเดีย",Instagram,3 - 5 ชั่วโมง,จำเป็นมากที่สุด,Apple,ฟีเจอร์สินค้า,5,ความไม่แน่นอนเกี่ยวกับการรับประกันและการบริการหลังการขาย,"20,001 - 30,000 บาท",นักเรียน / นักศึกษา
ชาย,18-25 ปี,โสด,"ดูหนัง / ฟังเพลง, เล่นเกม, โซเชียลมีเดีย",Instagram,มากกว่า 5 ชั่วโมง,จำเป็นมากที่สุด,Apple,ฟีเจอร์สินค้า,4,ไม่สามารถสัมผัสหรือลองสินค้าได้จริง,"น้อยกว่า 15,000 บาท",นักเรียน / นักศึกษา
หญิง,18-25 ปี,โสด,"ดูหนัง / ฟังเพลง, เล่นเกม, โซเชียลมีเดีย",Facebook,3 - 5 ชั่วโมง,จำเป็นมากที่สุด,Samsung,รีวิวสินค้า,4,ความไม่แน่นอนเกี่ยวกับการรับประกันและการบริการหลังการขาย,"น้อยกว่า 15,000 บาท",นักเรียน / นักศึกษา
ชาย,18-25 ปี,โสด,"ดูหนัง / ฟังเพลง, ถ่ายรูป ถ่ายวีดีโอ, ติดต่อสื่อสาร / ประชุมงาน",Instagram,3 - 5 ชั่วโมง,จำเป็นมากที่สุด,Apple,ฟีเจอร์สินค้า,4,ความไม่แน่นอนเกี่ยวกับการรับประกันและการบริการหลังการขาย,"15,001 - 20,000 บาท",นักเรียน / นักศึกษา
หญิง,18-25 ปี,โสด,"ดูหนัง / ฟังเพลง, โซเชียลมีเดีย",Facebook Messenger,มากกว่า 5 ชั่วโมง,จำเป็นมากที่สุด,Apple,ฟีเจอร์สินค้า,4,ไม่สามารถสัมผัสหรือลองสินค้าได้จริง,"น้อยกว่า 15,000 บาท",นักเรียน / นักศึกษา
หญิง,18-25 ปี,โสด,"ดูหนัง / ฟังเพลง, ถ่ายรูป ถ่ายวีดีโอ, โซเชียลมีเดีย",TikTok,มากกว่า 5 ชั่วโมง,จำเป็นมากที่สุด,Apple,ฟีเจอร์สินค้า,4,ความกังวลเกี่ยวกับความปลอดภัยของการชำระเงิน,"น้อยกว่า 15,000 บาท",นักเรียน / นักศึกษา
หญิง,18-25 ปี,โสด,"ดูหนัง / ฟังเพลง, เล่นเกม, โซเชียลมีเดีย",Instagram,3 - 5 ชั่วโมง,จำเป็นมากที่สุด,Apple,ฟีเจอร์สินค้า,5,ไม่สามารถสัมผัสหรือลองสินค้าได้จริง,"15,001 - 20,000 บาท",นักเรียน / นักศึกษา
ชาย,18-25 ปี,โสด,"ดูหนัง / ฟังเพลง, เล่นเกม, ถ่ายรูป ถ่ายวีดีโอ",Facebook,มากกว่า 5 ชั่วโมง,จำเป็นมากที่สุด,realme,ฟีเจอร์สินค้า,5,ความไม่แน่นอนเกี่ยวกับการรับประกันและการบริการหลังการขาย,"น้อยกว่า 15,000 บาท",นักเรียน / นักศึกษา
หญิง,18-25 ปี,โสด,"ดูหนัง / ฟังเพลง, เล่นเกม, ติดต่อสื่อสาร / ประชุมงาน",Instagram,มากกว่า 5 ชั่วโมง,จำเป็น,Apple,ฟีเจอร์สินค้า,3,ไม่สามารถสัมผัสหรือลองสินค้าได้จริง,"น้อยกว่า 15,000 บาท",นักเรียน / นักศึกษา
ชาย,18-25 ปี,โสด,"ดูหนัง / ฟังเพลง, เล่นเกม, โซเชียลมีเดีย",YouTube,3 - 5 ชั่วโมง,จำเป็น,Samsung,ฟีเจอร์สินค้า,1,ไม่สามารถสัมผัสหรือลองสินค้าได้จริง,"น้อยกว่า 15,000 บาท",นักเรียน / นักศึกษา
หญิง,18-25 ปี,โสด,"ดูหนัง / ฟังเพลง, ถ่ายรูป ถ่ายวีดีโอ, ติดต่อสื่อสาร / ประชุมงาน",TikTok,3 - 5 ชั่วโมง,จำเป็นมากที่สุด,Vivo,ฟีเจอร์สินค้า,4,ความไม่แน่นอนเกี่ยวกับการรับประกันและการบริการหลังการขาย,"น้อยกว่า 15,000 บาท",นักเรียน / นักศึกษา
ชาย,18-25 ปี,โสด,"ดูหนัง / ฟังเพลง, เล่นเกม, โซเชียลมีเดีย",YouTube,3 - 5 ชั่วโมง,จำเป็นมากที่สุด,Apple,รีวิวสินค้า,5,ความไม่แน่นอนเกี่ยวกับการรับประกันและการบริการหลังการขาย,"น้อยกว่า 15,000 บาท",นักเรียน / นักศึกษา
ชาย,18-25 ปี,โสด,"ดูหนัง / ฟังเพลง, เล่นเกม, โซเชียลมีเดีย",Facebook,มากกว่า 5 ชั่วโมง,จำเป็นมากที่สุด,Redmi,ราคา,5,ความล่าช้าในการจัดส่งหรือปัญหาในการจัดส่ง,"น้อยกว่า 15,000 บาท",นักเรียน / นักศึกษา
ชาย,18-25 ปี,โสด,เล่นเกม,Instagram,มากกว่า 5 ชั่วโมง,จำเป็น,Apple,ฟีเจอร์สินค้า,5,ความกังวลเกี่ยวกับความปลอดภัยของการชำระเงิน,"มากกว่า 50,001 บาทขึ้นไป",นักเรียน / นักศึกษา
ชาย,18-25 ปี,โสด,"ดูหนัง / ฟังเพลง, ติดต่อสื่อสาร / ประชุมงาน, โซเชียลมีเดีย",YouTube,3 - 5 ชั่วโมง,จำเป็นมากที่สุด,Vivo,ฟีเจอร์สินค้า,4,ความไม่แน่นอนเกี่ยวกับการรับประกันและการบริการหลังการขาย,"น้อยกว่า 15,000 บาท",นักเรียน / นักศึกษา
ชาย,18-25 ปี,โสด,"ดูหนัง / ฟังเพลง, เล่นเกม, โซเชียลมีเดีย",YouTube,มากกว่า 5 ชั่วโมง,จำเป็นมากที่สุด,Oppo,ราคา,3,ความล่าช้าในการจัดส่งหรือปัญหาในการจัดส่ง,"น้อยกว่า 15,000 บาท",นักเรียน / นักศึกษา
ชาย,18-25 ปี,โสด,"ดูหนัง / ฟังเพลง, ถ่ายรูป ถ่ายวีดีโอ, ติดต่อสื่อสาร / ประชุมงาน",Facebook,มากกว่า 5 ชั่วโมง,จำเป็นมากที่สุด,Samsung,รีวิวสินค้า,4,ความไม่แน่นอนเกี่ยวกับการรับประกันและการบริการหลังการขาย,"น้อยกว่า 15,000 บาท",นักเรียน / นักศึกษา
ชาย,18-25 ปี,โสด,"เล่นเกม, ถ่ายรูป ถ่ายวีดีโอ, Appication บน cloud",Telegram,มากกว่า 5 ชั่วโมง,จำเป็น,Oppo,ราคา,4,ความไม่แน่นอนเกี่ยวกับการรับประกันและการบริการหลังการขาย,"น้อยกว่า 15,000 บาท",นักเรียน / นักศึกษา
ชาย,18-25 ปี,โสด,"ดูหนัง / ฟังเพลง, ติดต่อสื่อสาร / ประชุมงาน, โซเชียลมีเดีย",YouTube,3 - 5 ชั่วโมง,จำเป็น,Samsung,ฟีเจอร์สินค้า,4,ไม่สามารถสัมผัสหรือลองสินค้าได้จริง,"15,001 - 20,000 บาท",นักเรียน / นักศึกษา
ชาย,18-25 ปี,โสด,"ดูหนัง / ฟังเพลง, เล่นเกม, ติดต่อสื่อสาร / ประชุมงาน",Facebook,3 - 5 ชั่วโมง,จำเป็น,Oppo,ฟีเจอร์สินค้า,3,ไม่สามารถสัมผัสหรือลองสินค้าได้จริง,"น้อยกว่า 15,000 บาท",นักเรียน / นักศึกษา
ชาย,18-25 ปี,โสด,"ดูหนัง / ฟังเพลง, เล่นเกม, ติดต่อสื่อสาร / ประชุมงาน",YouTube,มากกว่า 5 ชั่วโมง,จำเป็น,Vivo,ราคา,4,ความไม่แน่นอนเกี่ยวกับการรับประกันและการบริการหลังการขาย,"น้อยกว่า 15,000 บาท",นักเรียน / นักศึกษา
ชาย,18-25 ปี,โสด,"ดูหนัง / ฟังเพลง, เล่นเกม, Appication บน cloud",YouTube,มากกว่า 5 ชั่วโมง,จำเป็น,Apple,ฟีเจอร์สินค้า,4,ความไม่แน่นอนเกี่ยวกับการรับประกันและการบริการหลังการขาย,"น้อยกว่า 15,000 บาท",นักเรียน / นักศึกษา
หญิง,18-25 ปี,โสด,"ดูหนัง / ฟังเพลง, ติดต่อสื่อสาร / ประชุมงาน, โซเชียลมีเดีย",Facebook Messenger,3 - 5 ชั่วโมง,จำเป็น,Apple,รีวิวสินค้า,4,ความล่าช้าในการจัดส่งหรือปัญหาในการจัดส่ง,"น้อยกว่า 15,000 บาท",นักเรียน / นักศึกษา
หญิง,18-25 ปี,โสด,"ดูหนัง / ฟังเพลง, โซเชียลมีเดีย",YouTube,มากกว่า 5 ชั่วโมง,จำเป็น,Apple,ฟีเจอร์สินค้า,4,ความไม่แน่นอนเกี่ยวกับการรับประกันและการบริการหลังการขาย,"น้อยกว่า 15,000 บาท",นักเรียน / นักศึกษา
ชาย,26-32 ปี,สมรส,เล่นเกม,YouTube,มากกว่า 5 ชั่วโมง,จำเป็นมากที่สุด,Apple,ราคา,5,ไม่สามารถสัมผัสหรือลองสินค้าได้จริง,"30,001 - 40,000 บาท",เจ้าของธุรกิจ/ธุรกิจส่วนตัว
หญิง,18-25 ปี,โสด,"เล่นเกม, ถ่ายรูป ถ่ายวีดีโอ, โซเชียลมีเดีย",Instagram,มากกว่า 5 ชั่วโมง,จำเป็น,Samsung,รีวิวสินค้า,5,ความล่าช้าในการจัดส่งหรือปัญหาในการจัดส่ง,"น้อยกว่า 15,000 บาท",นักเรียน / นักศึกษา
ชาย,18-25 ปี,โสด,"ดูหนัง / ฟังเพลง, เล่นเกม",Instagram,มากกว่า 5 ชั่วโมง,จำเป็นมากที่สุด,Vivo,ราคา,5,ความล่าช้าในการจัดส่งหรือปัญหาในการจัดส่ง,"น้อยกว่า 15,000 บาท",นักเรียน / นักศึกษา
ชาย,18-25 ปี,โสด,"ดูหนัง / ฟังเพลง, เล่นเกม, โซเชียลมีเดีย",Instagram,3 - 5 ชั่วโมง,จำเป็นมากที่สุด,XIAOMI,รีวิวสินค้า,4,ความกังวลเกี่ยวกับความปลอดภัยของการชำระเงิน,"น้อยกว่า 15,000 บาท",นักเรียน / นักศึกษา
ชาย,18-25 ปี,โสด,ดูหนัง / ฟังเพลง,YouTube,3 - 5 ชั่วโมง,จำเป็นมากที่สุด,XIAOMI,ราคา,3,ความกังวลเกี่ยวกับความปลอดภัยของการชำระเงิน,"น้อยกว่า 15,000 บาท",นักเรียน / นักศึกษา
หญิง,18-25 ปี,โสด,"ดูหนัง / ฟังเพลง, เล่นเกม, ถ่ายรูป ถ่ายวีดีโอ",YouTube,มากกว่า 5 ชั่วโมง,จำเป็นมากที่สุด,XIAOMI,รีวิวสินค้า,3,ไม่สามารถสัมผัสหรือลองสินค้าได้จริง,"น้อยกว่า 15,000 บาท",นักเรียน / นักศึกษา
หญิง,18-25 ปี,โสด,"ดูหนัง / ฟังเพลง, เล่นเกม, โซเชียลมีเดีย",YouTube,มากกว่า 5 ชั่วโมง,จำเป็นมากที่สุด,Apple,ฟีเจอร์สินค้า,4,ความไม่แน่นอนเกี่ยวกับการรับประกันและการบริการหลังการขาย,"น้อยกว่า 15,000 บาท",นักเรียน / นักศึกษา
หญิง,18-25 ปี,โสด,"ดูหนัง / ฟังเพลง, ถ่ายรูป ถ่ายวีดีโอ, โซเชียลมีเดีย",TikTok,3 - 5 ชั่วโมง,จำเป็นมากที่สุด,Apple,รีวิวสินค้า,3,ความไม่แน่นอนเกี่ยวกับการรับประกันและการบริการหลังการขาย,"น้อยกว่า 15,000 บาท",นักเรียน / นักศึกษา
ชาย,18-25 ปี,โสด,"ดูหนัง / ฟังเพลง, เล่นเกม, โซเชียลมีเดีย",TikTok,มากกว่า 5 ชั่วโมง,จำเป็นมากที่สุด,Samsung,ฟีเจอร์สินค้า,5,ความกังวลเกี่ยวกับความปลอดภัยของการชำระเงิน,"น้อยกว่า 15,000 บาท",นักเรียน / นักศึกษา
ชาย,18-25 ปี,โสด,"ดูหนัง / ฟังเพลง, เล่นเกม, โซเชียลมีเดีย",Facebook,3 - 5 ชั่วโมง,จำเป็นมากที่สุด,Apple,ราคา,5,ความไม่แน่นอนเกี่ยวกับการรับประกันและการบริการหลังการขาย,"น้อยกว่า 15,000 บาท",นักเรียน / นักศึกษา
หญิง,18-25 ปี,โสด,"ดูหนัง / ฟังเพลง, ติดต่อสื่อสาร / ประชุมงาน, โซเชียลมีเดีย","Instagram, YouTube, TikTok",มากกว่า 5 ชั่วโมง,จำเป็นมากที่สุด,Apple,ฟีเจอร์สินค้า,5,ไม่สามารถสัมผัสหรือลองสินค้าได้จริง,"น้อยกว่า 15,000 บาท",นักเรียน / นักศึกษา
หญิง,18-25 ปี,โสด,"Appication บน cloud, ติดต่อสื่อสาร / ประชุมงาน, โซเชียลมีเดีย","Instagram, YouTube, Facebook Messenger, TikTok",มากกว่า 5 ชั่วโมง,จำเป็นมากที่สุด,Apple,รีวิวสินค้า,5,ไม่สามารถสัมผัสหรือลองสินค้าได้จริง,"น้อยกว่า 15,000 บาท",นักเรียน / นักศึกษา
หญิง,18-25 ปี,โสด,"ดูหนัง / ฟังเพลง, ถ่ายรูป ถ่ายวีดีโอ, Appication บน cloud","Instagram, TikTok",มากกว่า 5 ชั่วโมง,จำเป็น,Apple,ฟีเจอร์สินค้า,4,ความกังวลเกี่ยวกับความปลอดภัยของการชำระเงิน,"น้อยกว่า 15,000 บาท",นักเรียน / นักศึกษา
หญิง,18-25 ปี,โสด,"ดูหนัง / ฟังเพลง, ถ่ายรูป ถ่ายวีดีโอ, ติดต่อสื่อสาร / ประชุมงาน","Instagram, YouTube, Spotify, Telegram",3 - 5 ชั่วโมง,จำเป็นมากที่สุด,Apple,ฟีเจอร์สินค้า,4,ไม่สามารถสัมผัสหรือลองสินค้าได้จริง,"น้อยกว่า 15,000 บาท",นักเรียน / นักศึกษา
หญิง,18-25 ปี,โสด,"Appication บน cloud, ติดต่อสื่อสาร / ประชุมงาน, โซเชียลมีเดีย","Instagram, Facebook, Facebook Messenger, TikTok",3 - 5 ชั่วโมง,จำเป็นมากที่สุด,Apple,ฟีเจอร์สินค้า,4,ความกังวลเกี่ยวกับความปลอดภัยของการชำระเงิน,"15,001 - 20,000 บาท",พนักงานข้าราชการ
ชาย,18-25 ปี,โสด,"ดูหนัง / ฟังเพลง, เล่นเกม, โซเชียลมีเดีย","Instagram, Facebook, YouTube, Facebook Messenger, TikTok",มากกว่า 5 ชั่วโมง,จำเป็น,Apple,ฟีเจอร์สินค้า,5,ไม่สามารถสัมผัสหรือลองสินค้าได้จริง,"น้อยกว่า 15,000 บาท",นักเรียน / นักศึกษา
ชาย,18-25 ปี,โสด,"ดูหนัง / ฟังเพลง, เล่นเกม","YouTube, TikTok",มากกว่า 5 ชั่วโมง,จำเป็นมากที่สุด,Samsung,ราคา,3,ความล่าช้าในการจัดส่งหรือปัญหาในการจัดส่ง,"น้อยกว่า 15,000 บาท",นักเรียน / นักศึกษา
ชาย,18-25 ปี,โสด,"ดูหนัง / ฟังเพลง, เล่นเกม, โซเชียลมีเดีย","Facebook, YouTube, Facebook Messenger, TikTok",3 - 5 ชั่วโมง,จำเป็นมากที่สุด,Oppo,ราคา,4,ความไม่แน่นอนเกี่ยวกับการรับประกันและการบริการหลังการขาย,"น้อยกว่า 15,000 บาท",นักเรียน / นักศึกษา
หญิง,26-32 ปี,สมรส,"ดูหนัง / ฟังเพลง, ติดต่อสื่อสาร / ประชุมงาน, โซเชียลมีเดีย","Instagram, Facebook, YouTube, Facebook Messenger",3 - 5 ชั่วโมง,จำเป็นมากที่สุด,Apple,ราคา,5,ไม่สามารถสัมผัสหรือลองสินค้าได้จริง,"20,001 - 30,000 บาท",เจ้าของธุรกิจ/ธุรกิจส่วนตัว
ชาย,18-25 ปี,โสด,"ดูหนัง / ฟังเพลง, เล่นเกม, ติดต่อสื่อสาร / ประชุมงาน","Instagram, Facebook, YouTube, Facebook Messenger, TikTok",0 - 1 ชั่วโมง,จำเป็น,XIAOMI,ฟีเจอร์สินค้า,5,ไม่สามารถสัมผัสหรือลองสินค้าได้จริง,"น้อยกว่า 15,000 บาท",นักเรียน / นักศึกษา
ชาย,18-25 ปี,โสด,"ดูหนัง / ฟังเพลง, ถ่ายรูป ถ่ายวีดีโอ, โซเชียลมีเดีย","Instagram, Facebook, YouTube, Facebook Messenger, Spotify, TikTok",1 - 3 ชั่วโมง,จำเป็น,Apple,รีวิวสินค้า,5,ไม่สามารถสัมผัสหรือลองสินค้าได้จริง,"น้อยกว่า 15,000 บาท",นักเรียน / นักศึกษา
ชาย,18-25 ปี,โสด,"ดูหนัง / ฟังเพลง, เล่นเกม, ถ่ายรูป ถ่ายวีดีโอ","Instagram, YouTube, Facebook Messenger, Spotify, TikTok",1 - 3 ชั่วโมง,จำเป็น,Realme,ฟีเจอร์สินค้า,5,ความไม่แน่นอนเกี่ยวกับการรับประกันและการบริการหลังการขาย,"น้อยกว่า 15,000 บาท",นักเรียน / นักศึกษา
ชาย,18-25 ปี,โสด,"ดูหนัง / ฟังเพลง, เล่นเกม","Instagram, Facebook, YouTube, Facebook Messenger, TikTok",มากกว่า 5 ชั่วโมง,จำเป็นมากที่สุด,Apple,ฟีเจอร์สินค้า,5,ไม่สามารถสัมผัสหรือลองสินค้าได้จริง,"น้อยกว่า 15,000 บาท",นักเรียน / นักศึกษา
ชาย,18-25 ปี,โสด,"ดูหนัง / ฟังเพลง, ติดต่อสื่อสาร / ประชุมงาน, โซเชียลมีเดีย","Instagram, Facebook, YouTube, Facebook Messenger, TikTok",1 - 3 ชั่วโมง,จำเป็นมากที่สุด,Apple,ราคา,4,ไม่สามารถสัมผัสหรือลองสินค้าได้จริง,"น้อยกว่า 15,000 บาท",นักเรียน / นักศึกษา
ชาย,18-25 ปี,โสด,"ดูหนัง / ฟังเพลง, เล่นเกม, โซเชียลมีเดีย","Instagram, Facebook, YouTube, Snapchat, Facebook Messenger, Spotify, TikTok",0 - 1 ชั่วโมง,จำเป็น,Apple,ราคา,4,ความไม่แน่นอนเกี่ยวกับการรับประกันและการบริการหลังการขาย,"น้อยกว่า 15,000 บาท",นักเรียน / นักศึกษา
ชาย,18-25 ปี,โสด,"เล่นเกม, ถ่ายรูป ถ่ายวีดีโอ, โซเชียลมีเดีย","Instagram, Facebook, YouTube, Facebook Messenger, TikTok",มากกว่า 5 ชั่วโมง,จำเป็นมากที่สุด,Apple,รีวิวสินค้า,5,ความไม่แน่นอนเกี่ยวกับการรับประกันและการบริการหลังการขาย,"น้อยกว่า 15,000 บาท",นักเรียน / นักศึกษา
ชาย,18-25 ปี,โสด,"ดูหนัง / ฟังเพลง, เล่นเกม","Instagram, Facebook, YouTube, Facebook Messenger, TikTok",มากกว่า 5 ชั่วโมง,จำเป็น,Realme ,รีวิวสินค้า,4,ความกังวลเกี่ยวกับความปลอดภัยของการชำระเงิน,"น้อยกว่า 15,000 บาท",นักเรียน / นักศึกษา
ชาย,18-25 ปี,โสด,"ดูหนัง / ฟังเพลง, เล่นเกม, โซเชียลมีเดีย","Instagram, Facebook, YouTube, Facebook Messenger, Spotify, WhatsApp, TikTok, Telegram",มากกว่า 5 ชั่วโมง,จำเป็นมากที่สุด,Apple,ราคา,4,ความกังวลเกี่ยวกับความปลอดภัยของการชำระเงิน,"น้อยกว่า 15,000 บาท",นักเรียน / นักศึกษา
ชาย,18-25 ปี,โสด,"ดูหนัง / ฟังเพลง, เล่นเกม, โซเชียลมีเดีย","Instagram, Facebook, YouTube, Facebook Messenger, TikTok",มากกว่า 5 ชั่วโมง,จำเป็นมากที่สุด,Realme,ฟีเจอร์สินค้า,5,ความล่าช้าในการจัดส่งหรือปัญหาในการจัดส่ง,"น้อยกว่า 15,000 บาท",นักเรียน / นักศึกษา
ชาย,18-25 ปี,โสด,"เล่นเกม, ถ่ายรูป ถ่ายวีดีโอ, Appication บน cloud","Instagram, Facebook, YouTube, Facebook Messenger, Spotify, TikTok, Telegram",1 - 3 ชั่วโมง,จำเป็น,Apple,รีวิวสินค้า,5,ความไม่แน่นอนเกี่ยวกับการรับประกันและการบริการหลังการขาย,"น้อยกว่า 15,000 บาท",นักเรียน / นักศึกษา
ชาย,18-25 ปี,โสด,"ถ่ายรูป ถ่ายวีดีโอ, ติดต่อสื่อสาร / ประชุมงาน, โซเชียลมีเดีย","Instagram, Facebook, Facebook Messenger, TikTok, Telegram",มากกว่า 5 ชั่วโมง,จำเป็นมากที่สุด,Apple,ราคา,4,ไม่สามารถสัมผัสหรือลองสินค้าได้จริง,"น้อยกว่า 15,000 บาท",นักเรียน / นักศึกษา
ชาย,18-25 ปี,โสด,"ดูหนัง / ฟังเพลง, เล่นเกม, โซเชียลมีเดีย","Instagram, Facebook, YouTube, Facebook Messenger, TikTok",มากกว่า 5 ชั่วโมง,จำเป็น,Apple,รีวิวสินค้า,5,ความไม่แน่นอนเกี่ยวกับการรับประกันและการบริการหลังการขาย,"น้อยกว่า 15,000 บาท",นักเรียน / นักศึกษา
หญิง,18-25 ปี,สมรส,"ดูหนัง / ฟังเพลง, ถ่ายรูป ถ่ายวีดีโอ, โซเชียลมีเดีย","Instagram, Facebook, Facebook Messenger, Spotify, TikTok",มากกว่า 5 ชั่วโมง,จำเป็นมากที่สุด,หัวเหว่ย,ราคา,5,ไม่สามารถสัมผัสหรือลองสินค้าได้จริง,"น้อยกว่า 15,000 บาท",นักเรียน / นักศึกษา
ชาย,18-25 ปี,โสด,"ดูหนัง / ฟังเพลง, เล่นเกม, โซเชียลมีเดีย","Facebook, YouTube, Facebook Messenger, Spotify",3 - 5 ชั่วโมง,จำเป็น,Apple,ราคา,4,ไม่สามารถสัมผัสหรือลองสินค้าได้จริง,"น้อยกว่า 15,000 บาท",นักเรียน / นักศึกษา
หญิง,18-25 ปี,โสด,"ดูหนัง / ฟังเพลง, ติดต่อสื่อสาร / ประชุมงาน, โซเชียลมีเดีย","Instagram, Facebook, YouTube, Facebook Messenger",มากกว่า 5 ชั่วโมง,จำเป็นมากที่สุด,XIAOMI,รีวิวสินค้า,2,ความไม่แน่นอนเกี่ยวกับการรับประกันและการบริการหลังการขาย,"น้อยกว่า 15,000 บาท",นักเรียน / นักศึกษา
ชาย,26-32 ปี,สมรส,"เล่นเกม, ถ่ายรูป ถ่ายวีดีโอ, โซเชียลมีเดีย","Instagram, Facebook, YouTube, Facebook Messenger, TikTok",มากกว่า 5 ชั่วโมง,จำเป็นมากที่สุด,Apple,ฟีเจอร์สินค้า,5,ความไม่แน่นอนเกี่ยวกับการรับประกันและการบริการหลังการขาย,"30,001 - 40,000 บาท",พนักงานข้าราชการ
หญิง,18-25 ปี,โสด,"ดูหนัง / ฟังเพลง, เล่นเกม, โซเชียลมีเดีย","Instagram, Facebook, YouTube, Facebook Messenger, Spotify, TikTok",มากกว่า 5 ชั่วโมง,จำเป็นมากที่สุด,Samsung,รีวิวสินค้า,4,ความกังวลเกี่ยวกับความปลอดภัยของการชำระเงิน,"น้อยกว่า 15,000 บาท",นักเรียน / นักศึกษา
หญิง,18-25 ปี,โสด,"ดูหนัง / ฟังเพลง, เล่นเกม, โซเชียลมีเดีย","Instagram, Facebook Messenger, TikTok",มากกว่า 5 ชั่วโมง,จำเป็นมากที่สุด,XIAOMI,ฟีเจอร์สินค้า,3,ไม่สามารถสัมผัสหรือลองสินค้าได้จริง,"น้อยกว่า 15,000 บาท",นักเรียน / นักศึกษา
หญิง,18-25 ปี,โสด,"ดูหนัง / ฟังเพลง, ถ่ายรูป ถ่ายวีดีโอ","Instagram, Facebook, YouTube, Facebook Messenger, Spotify, TikTok",มากกว่า 5 ชั่วโมง,จำเป็นมากที่สุด,Apple,ราคา,4,ความไม่แน่นอนเกี่ยวกับการรับประกันและการบริการหลังการขาย,"น้อยกว่า 15,000 บาท",นักเรียน / นักศึกษา
หญิง,18-25 ปี,โสด,"ดูหนัง / ฟังเพลง, เล่นเกม, โซเชียลมีเดีย",TikTok,3 - 5 ชั่วโมง,จำเป็น,Apple,รีวิวสินค้า,4,ความกังวลเกี่ยวกับความปลอดภัยของการชำระเงิน,"น้อยกว่า 15,000 บาท",นักเรียน / นักศึกษา
ชาย,18-25 ปี,โสด,"ดูหนัง / ฟังเพลง, เล่นเกม, โซเชียลมีเดีย","Instagram, Spotify, TikTok",มากกว่า 5 ชั่วโมง,จำเป็น,Apple,รีวิวสินค้า,4,ความกังวลเกี่ยวกับความปลอดภัยของการชำระเงิน,"น้อยกว่า 15,000 บาท",นักเรียน / นักศึกษา
หญิง,18-25 ปี,โสด,"ดูหนัง / ฟังเพลง, เล่นเกม, โซเชียลมีเดีย","Instagram, Facebook, YouTube",3 - 5 ชั่วโมง,จำเป็นมากที่สุด,Apple,ฟีเจอร์สินค้า,4,ไม่สามารถสัมผัสหรือลองสินค้าได้จริง,"น้อยกว่า 15,000 บาท",นักเรียน / นักศึกษา
ชาย,18-25 ปี,โสด,"ดูหนัง / ฟังเพลง, เล่นเกม, ถ่ายรูป ถ่ายวีดีโอ","Instagram, Facebook, YouTube, Facebook Messenger, TikTok",มากกว่า 5 ชั่วโมง,จำเป็นมากที่สุด,Apple,ฟีเจอร์สินค้า,4,ความไม่แน่นอนเกี่ยวกับการรับประกันและการบริการหลังการขาย,"น้อยกว่า 15,000 บาท",นักเรียน / นักศึกษา
หญิง,18-25 ปี,โสด,"ดูหนัง / ฟังเพลง, ถ่ายรูป ถ่ายวีดีโอ, โซเชียลมีเดีย","Instagram, YouTube, TikTok",มากกว่า 5 ชั่วโมง,จำเป็นมากที่สุด,Apple,ฟีเจอร์สินค้า,4,ไม่สามารถสัมผัสหรือลองสินค้าได้จริง,"น้อยกว่า 15,000 บาท",นักเรียน / นักศึกษา
ชาย,18-25 ปี,โสด,"ดูหนัง / ฟังเพลง, เล่นเกม, โซเชียลมีเดีย","Instagram, Facebook, YouTube, Facebook Messenger, TikTok",3 - 5 ชั่วโมง,จำเป็น,Apple,ฟีเจอร์สินค้า,4,ไม่สามารถสัมผัสหรือลองสินค้าได้จริง,"น้อยกว่า 15,000 บาท",นักเรียน / นักศึกษา
ชาย,18-25 ปี,โสด,"ดูหนัง / ฟังเพลง, ติดต่อสื่อสาร / ประชุมงาน, โซเชียลมีเดีย","Instagram, Facebook, YouTube, Facebook Messenger, TikTok",มากกว่า 5 ชั่วโมง,จำเป็นมากที่สุด,Samsung,รีวิวสินค้า,4,ไม่สามารถสัมผัสหรือลองสินค้าได้จริง,"น้อยกว่า 15,000 บาท",นักเรียน / นักศึกษา
ชาย,18-25 ปี,โสด,"ดูหนัง / ฟังเพลง, เล่นเกม","Facebook, YouTube",มากกว่า 5 ชั่วโมง,จำเป็นมากที่สุด,HUAWEI,ฟีเจอร์สินค้า,3,ไม่สามารถสัมผัสหรือลองสินค้าได้จริง,"น้อยกว่า 15,000 บาท",นักเรียน / นักศึกษา
ชาย,18-25 ปี,โสด,"ดูหนัง / ฟังเพลง, เล่นเกม, โซเชียลมีเดีย","Instagram, Facebook, YouTube, Facebook Messenger, Spotify, TikTok",มากกว่า 5 ชั่วโมง,จำเป็น,Vivo,ฟีเจอร์สินค้า,4,ความกังวลเกี่ยวกับความปลอดภัยของการชำระเงิน,"น้อยกว่า 15,000 บาท",นักเรียน / นักศึกษา
หญิง,18-25 ปี,โสด,"ดูหนัง / ฟังเพลง, ถ่ายรูป ถ่ายวีดีโอ, ติดต่อสื่อสาร / ประชุมงาน","Instagram, YouTube, Facebook Messenger, TikTok",3 - 5 ชั่วโมง,จำเป็นมากที่สุด,Apple,ราคา,5,ความกังวลเกี่ยวกับความปลอดภัยของการชำระเงิน,"15,001 - 20,000 บาท",เจ้าของธุรกิจ/ธุรกิจส่วนตัว
หญิง,18-25 ปี,โสด,ดูหนัง / ฟังเพลง,"Instagram, YouTube, TikTok",3 - 5 ชั่วโมง,จำเป็นมากที่สุด,Apple,ฟีเจอร์สินค้า,4,ความกังวลเกี่ยวกับความปลอดภัยของการชำระเงิน,"น้อยกว่า 15,000 บาท",นักเรียน / นักศึกษา
หญิง,18-25 ปี,โสด,ดูหนัง / ฟังเพลง,Instagram,มากกว่า 5 ชั่วโมง,จำเป็นมากที่สุด,Realme,ฟีเจอร์สินค้า,5,ไม่สามารถสัมผัสหรือลองสินค้าได้จริง,"น้อยกว่า 15,000 บาท",นักเรียน / นักศึกษา
ชาย,18-25 ปี,โสด,"ดูหนัง / ฟังเพลง, ติดต่อสื่อสาร / ประชุมงาน, โซเชียลมีเดีย","Instagram, Facebook, YouTube, Facebook Messenger, Spotify, TikTok, Telegram",1 - 3 ชั่วโมง,จำเป็นมากที่สุด,เครื่องคิดเลข,ฟีเจอร์สินค้า,5,ความกังวลเกี่ยวกับความปลอดภัยของการชำระเงิน,"15,001 - 20,000 บาท",นักเรียน / นักศึกษา
ชาย,18-25 ปี,โสด,"ดูหนัง / ฟังเพลง, เล่นเกม, โซเชียลมีเดีย","Instagram, Facebook, YouTube, Facebook Messenger, Spotify",มากกว่า 5 ชั่วโมง,จำเป็น,Samsung,รีวิวสินค้า,4,ไม่สามารถสัมผัสหรือลองสินค้าได้จริง,"น้อยกว่า 15,000 บาท",นักเรียน / นักศึกษา
ชาย,18-25 ปี,โสด,"ดูหนัง / ฟังเพลง, เล่นเกม, โซเชียลมีเดีย","Instagram, Facebook, YouTube, Facebook Messenger, TikTok",มากกว่า 5 ชั่วโมง,จำเป็น,XIAOMI,ฟีเจอร์สินค้า,3,ไม่สามารถสัมผัสหรือลองสินค้าได้จริง,"น้อยกว่า 15,000 บาท",นักเรียน / นักศึกษา
ชาย,18-25 ปี,โสด,"ดูหนัง / ฟังเพลง, เล่นเกม, โซเชียลมีเดีย","Facebook, YouTube, Facebook Messenger",3 - 5 ชั่วโมง,จำเป็น,Samsung,ราคา,4,ความกังวลเกี่ยวกับความปลอดภัยของการชำระเงิน,"น้อยกว่า 15,000 บาท",นักเรียน / นักศึกษา
หญิง,33-40 ปี,สมรส,"ดูหนัง / ฟังเพลง, ถ่ายรูป ถ่ายวีดีโอ, ติดต่อสื่อสาร / ประชุมงาน","Facebook, YouTube, Facebook Messenger, TikTok",มากกว่า 5 ชั่วโมง,จำเป็นมากที่สุด,Huawei,ฟีเจอร์สินค้า,4,ไม่สามารถสัมผัสหรือลองสินค้าได้จริง,"20,001 - 30,000 บาท",พนักงานบริษัทเอกชน
ชาย,18-25 ปี,โสด,"ดูหนัง / ฟังเพลง, เล่นเกม, โซเชียลมีเดีย","Instagram, Facebook, Facebook Messenger, TikTok, Telegram",มากกว่า 5 ชั่วโมง,จำเป็น,Oppo,ฟีเจอร์สินค้า,3,ความไม่แน่นอนเกี่ยวกับการรับประกันและการบริการหลังการขาย,"น้อยกว่า 15,000 บาท",นักเรียน / นักศึกษา
ชาย,18-25 ปี,โสด,"ดูหนัง / ฟังเพลง, เล่นเกม, ติดต่อสื่อสาร / ประชุมงาน","Instagram, Facebook, YouTube, Facebook Messenger, TikTok, Telegram",มากกว่า 5 ชั่วโมง,จำเป็นมากที่สุด,XIAOMI,ฟีเจอร์สินค้า,2,ความไม่แน่นอนเกี่ยวกับการรับประกันและการบริการหลังการขาย,"น้อยกว่า 15,000 บาท",นักเรียน / นักศึกษา
หญิง,18-25 ปี,โสด,"ดูหนัง / ฟังเพลง, ถ่ายรูป ถ่ายวีดีโอ, โซเชียลมีเดีย","Instagram, YouTube, TikTok",มากกว่า 5 ชั่วโมง,จำเป็นมากที่สุด,Apple,ฟีเจอร์สินค้า,4,ไม่สามารถสัมผัสหรือลองสินค้าได้จริง,"น้อยกว่า 15,000 บาท",นักเรียน / นักศึกษา
หญิง,18-25 ปี,โสด,"ดูหนัง / ฟังเพลง, ติดต่อสื่อสาร / ประชุมงาน, โซเชียลมีเดีย","Instagram, Facebook, YouTube, Facebook Messenger, Spotify, TikTok",มากกว่า 5 ชั่วโมง,จำเป็น,Samsung,รีวิวสินค้า,4,ความไม่แน่นอนเกี่ยวกับการรับประกันและการบริการหลังการขาย,"น้อยกว่า 15,000 บาท",นักเรียน / นักศึกษา
ชาย,18-25 ปี,โสด,"ดูหนัง / ฟังเพลง, เล่นเกม, โซเชียลมีเดีย","Instagram, Facebook, YouTube, Facebook Messenger, TikTok",มากกว่า 5 ชั่วโมง,จำเป็นมากที่สุด,Apple,ฟีเจอร์สินค้า,5,ความไม่แน่นอนเกี่ยวกับการรับประกันและการบริการหลังการขาย,"น้อยกว่า 15,000 บาท",นักเรียน / นักศึกษา
หญิง,18-25 ปี,โสด,"ดูหนัง / ฟังเพลง, ถ่ายรูป ถ่ายวีดีโอ, โซเชียลมีเดีย","Instagram, YouTube, Spotify, TikTok",3 - 5 ชั่วโมง,จำเป็นมากที่สุด,Apple,ฟีเจอร์สินค้า,5,ความกังวลเกี่ยวกับความปลอดภัยของการชำระเงิน,"น้อยกว่า 15,000 บาท",นักเรียน / นักศึกษา
หญิง,18-25 ปี,โสด,"ดูหนัง / ฟังเพลง, ถ่ายรูป ถ่ายวีดีโอ, โซเชียลมีเดีย","Instagram, TikTok",มากกว่า 5 ชั่วโมง,จำเป็นมากที่สุด,Apple,รีวิวสินค้า,5,ไม่สามารถสัมผัสหรือลองสินค้าได้จริง,"น้อยกว่า 15,000 บาท",นักเรียน / นักศึกษา
หญิง,18-25 ปี,โสด,"ดูหนัง / ฟังเพลง, ถ่ายรูป ถ่ายวีดีโอ, โซเชียลมีเดีย","Instagram, Facebook, YouTube, Facebook Messenger, Spotify, TikTok",มากกว่า 5 ชั่วโมง,จำเป็น,Apple,ฟีเจอร์สินค้า,4,ความกังวลเกี่ยวกับความปลอดภัยของการชำระเงิน,"น้อยกว่า 15,000 บาท",นักเรียน / นักศึกษา
หญิง,18-25 ปี,โสด,"ดูหนัง / ฟังเพลง, ถ่ายรูป ถ่ายวีดีโอ, โซเชียลมีเดีย","Instagram, TikTok",มากกว่า 5 ชั่วโมง,จำเป็นมากที่สุด,Apple,รีวิวสินค้า,4,ความกังวลเกี่ยวกับความปลอดภัยของการชำระเงิน,"น้อยกว่า 15,000 บาท",นักเรียน / นักศึกษา
หญิง,18-25 ปี,โสด,"ดูหนัง / ฟังเพลง, เล่นเกม, โซเชียลมีเดีย","Instagram, Facebook, YouTube, Facebook Messenger, TikTok, Line",มากกว่า 5 ชั่วโมง,จำเป็น,Oppo,รีวิวสินค้า,5,ไม่สามารถสัมผัสหรือลองสินค้าได้จริง,"น้อยกว่า 15,000 บาท",นักเรียน / นักศึกษา
หญิง,18-25 ปี,โสด,"Appication บน cloud, ติดต่อสื่อสาร / ประชุมงาน, โซเชียลมีเดีย","Instagram, Facebook, Facebook Messenger, TikTok, LINE",มากกว่า 5 ชั่วโมง,จำเป็นมากที่สุด,Apple,ราคา,5,ไม่สามารถสัมผัสหรือลองสินค้าได้จริง,"20,001 - 30,000 บาท",นักเรียน / นักศึกษา
หญิง,18-25 ปี,โสด,"ดูหนัง / ฟังเพลง, เล่นเกม, โซเชียลมีเดีย","Instagram, Facebook, YouTube, Facebook Messenger, Spotify, TikTok",มากกว่า 5 ชั่วโมง,จำเป็นมากที่สุด,Samsung,ฟีเจอร์สินค้า,5,ความไม่แน่นอนเกี่ยวกับการรับประกันและการบริการหลังการขาย,"น้อยกว่า 15,000 บาท",นักเรียน / นักศึกษา
หญิง,26-32 ปี,โสด,"ดูหนัง / ฟังเพลง, เล่นเกม, ถ่ายรูป ถ่ายวีดีโอ","Instagram, Facebook, YouTube, Facebook Messenger, TikTok",1 - 3 ชั่วโมง,จำเป็น,Apple,รีวิวสินค้า,4,ความกังวลเกี่ยวกับความปลอดภัยของการชำระเงิน,"น้อยกว่า 15,000 บาท",เจ้าของธุรกิจ/ธุรกิจส่วนตัว
หญิง,18-25 ปี,โสด,"ดูหนัง / ฟังเพลง, โซเชียลมีเดีย","Instagram, YouTube",มากกว่า 5 ชั่วโมง,จำเป็นมากที่สุด,Apple,ฟีเจอร์สินค้า,5,ความกังวลเกี่ยวกับความปลอดภัยของการชำระเงิน,"20,001 - 30,000 บาท",นักเรียน / นักศึกษา
หญิง,26-32 ปี,โสด,"ถ่ายรูป ถ่ายวีดีโอ, ติดต่อสื่อสาร / ประชุมงาน, โซเชียลมีเดีย","Instagram, Facebook, YouTube, Facebook Messenger, Spotify, TikTok",มากกว่า 5 ชั่วโมง,จำเป็น,Apple,รีวิวสินค้า,4,ไม่สามารถสัมผัสหรือลองสินค้าได้จริง,"20,001 - 30,000 บาท",เจ้าของธุรกิจ/ธุรกิจส่วนตัว
ชาย,18-25 ปี,โสด,"ดูหนัง / ฟังเพลง, เล่นเกม, โซเชียลมีเดีย","Instagram, Facebook, YouTube, Facebook Messenger, Telegram",3 - 5 ชั่วโมง,จำเป็น,XIAOMI,ราคา,4,ความไม่แน่นอนเกี่ยวกับการรับประกันและการบริการหลังการขาย,"น้อยกว่า 15,000 บาท",นักเรียน / นักศึกษา
หญิง,18-25 ปี,โสด,"ดูหนัง / ฟังเพลง, ถ่ายรูป ถ่ายวีดีโอ","Instagram, Facebook, YouTube, TikTok",มากกว่า 5 ชั่วโมง,จำเป็นมากที่สุด,Apple,ราคา,4,ความกังวลเกี่ยวกับความปลอดภัยของการชำระเงิน,"น้อยกว่า 15,000 บาท",นักเรียน / นักศึกษา
หญิง,18-25 ปี,โสด,"ดูหนัง / ฟังเพลง, เล่นเกม, โซเชียลมีเดีย","Instagram, Facebook, YouTube, Facebook Messenger, Spotify, TikTok",3 - 5 ชั่วโมง,จำเป็นมากที่สุด,Apple,รีวิวสินค้า,5,ไม่สามารถสัมผัสหรือลองสินค้าได้จริง,"น้อยกว่า 15,000 บาท",นักเรียน / นักศึกษา
หญิง,18-25 ปี,โสด,"ดูหนัง / ฟังเพลง, เล่นเกม, โซเชียลมีเดีย","Instagram, Facebook, YouTube, Facebook Messenger, Spotify, TikTok",3 - 5 ชั่วโมง,จำเป็นมากที่สุด,Apple,รีวิวสินค้า,5,ไม่สามารถสัมผัสหรือลองสินค้าได้จริง,"น้อยกว่า 15,000 บาท",นักเรียน / นักศึกษา
หญิง,18-25 ปี,โสด,"ดูหนัง / ฟังเพลง, ถ่ายรูป ถ่ายวีดีโอ","Instagram, Facebook, YouTube, TikTok",มากกว่า 5 ชั่วโมง,จำเป็นมากที่สุด,Apple,ราคา,4,ความกังวลเกี่ยวกับความปลอดภัยของการชำระเงิน,"น้อยกว่า 15,000 บาท",นักเรียน / นักศึกษา
ชาย,18-25 ปี,โสด,"ดูหนัง / ฟังเพลง, เล่นเกม, โซเชียลมีเดีย","Instagram, Facebook Messenger, TikTok",1 - 3 ชั่วโมง,จำเป็น,Vivo,รีวิวสินค้า,4,ไม่สามารถสัมผัสหรือลองสินค้าได้จริง,"15,001 - 20,000 บาท",เจ้าของธุรกิจ/ธุรกิจส่วนตัว
ชาย,18-25 ปี,โสด,"ดูหนัง / ฟังเพลง, เล่นเกม, โซเชียลมีเดีย","Instagram, Facebook, YouTube, Facebook Messenger, Spotify, TikTok, Telegram",มากกว่า 5 ชั่วโมง,จำเป็นมากที่สุด,XIAOMI,ราคา,4,ความไม่แน่นอนเกี่ยวกับการรับประกันและการบริการหลังการขาย,"น้อยกว่า 15,000 บาท",นักเรียน / นักศึกษา
ชาย,18-25 ปี,โสด,"ดูหนัง / ฟังเพลง, ถ่ายรูป ถ่ายวีดีโอ","Instagram, Facebook, YouTube, Facebook Messenger, TikTok",มากกว่า 5 ชั่วโมง,จำเป็น,Apple,ราคา,4,ความไม่แน่นอนเกี่ยวกับการรับประกันและการบริการหลังการขาย,"น้อยกว่า 15,000 บาท",นักเรียน / นักศึกษา
หญิง,18-25 ปี,โสด,"ดูหนัง / ฟังเพลง, ติดต่อสื่อสาร / ประชุมงาน, โซเชียลมีเดีย","Instagram, Facebook, YouTube, Facebook Messenger, TikTok",มากกว่า 5 ชั่วโมง,จำเป็นมากที่สุด,Apple,ฟีเจอร์สินค้า,4,ความกังวลเกี่ยวกับความปลอดภัยของการชำระเงิน,"น้อยกว่า 15,000 บาท",นักเรียน / นักศึกษา
หญิง,18-25 ปี,โสด,"ดูหนัง / ฟังเพลง, เล่นเกม, ถ่ายรูป ถ่ายวีดีโอ","Instagram, Facebook, YouTube, Facebook Messenger, Spotify, TikTok",มากกว่า 5 ชั่วโมง,จำเป็นมากที่สุด,Samsung,ราคา,5,ความไม่แน่นอนเกี่ยวกับการรับประกันและการบริการหลังการขาย,"น้อยกว่า 15,000 บาท",นักเรียน / นักศึกษา
ชาย,18-25 ปี,โสด,"ดูหนัง / ฟังเพลง, เล่นเกม, โซเชียลมีเดีย","Instagram, Facebook, YouTube, Facebook Messenger, TikTok, Telegram",มากกว่า 5 ชั่วโมง,จำเป็นมากที่สุด,Apple,ฟีเจอร์สินค้า,5,ไม่สามารถสัมผัสหรือลองสินค้าได้จริง,"น้อยกว่า 15,000 บาท",นักเรียน / นักศึกษา
ชาย,26-32 ปี,โสด,"ดูหนัง / ฟังเพลง, ติดต่อสื่อสาร / ประชุมงาน, โซเชียลมีเดีย","Instagram, Facebook, YouTube, Facebook Messenger, TikTok",มากกว่า 5 ชั่วโมง,จำเป็น,Samsung,ฟีเจอร์สินค้า,4,ความไม่แน่นอนเกี่ยวกับการรับประกันและการบริการหลังการขาย,"30,001 - 40,000 บาท",เจ้าของธุรกิจ/ธุรกิจส่วนตัว
ชาย,18-25 ปี,โสด,"ดูหนัง / ฟังเพลง, เล่นเกม, โซเชียลมีเดีย","Instagram, Facebook, YouTube, Facebook Messenger, TikTok",มากกว่า 5 ชั่วโมง,จำเป็นมากที่สุด,Samsung,รีวิวสินค้า,3,ความไม่แน่นอนเกี่ยวกับการรับประกันและการบริการหลังการขาย,"น้อยกว่า 15,000 บาท",นักเรียน / นักศึกษา
ชาย,26-32 ปี,โสด,"ดูหนัง / ฟังเพลง, ติดต่อสื่อสาร / ประชุมงาน, โซเชียลมีเดีย","Instagram, Facebook, YouTube, Facebook Messenger, TikTok",มากกว่า 5 ชั่วโมง,จำเป็น,Samsung,ฟีเจอร์สินค้า,4,ความล่าช้าในการจัดส่งหรือปัญหาในการจัดส่ง,"20,001 - 30,000 บาท",เจ้าของธุรกิจ/ธุรกิจส่วนตัว
ชาย,26-32 ปี,โสด,"ดูหนัง / ฟังเพลง, เล่นเกม",YouTube,มากกว่า 5 ชั่วโมง,จำเป็น,Apple,ฟีเจอร์สินค้า,4,ความกังวลเกี่ยวกับความปลอดภัยของการชำระเงิน,"15,001 - 20,000 บาท",เจ้าของธุรกิจ/ธุรกิจส่วนตัว
ชาย,18-25 ปี,โสด,"ดูหนัง / ฟังเพลง, เล่นเกม","Instagram, Facebook, YouTube, Facebook Messenger, TikTok",มากกว่า 5 ชั่วโมง,จำเป็นมากที่สุด,Apple,ฟีเจอร์สินค้า,5,ไม่สามารถสัมผัสหรือลองสินค้าได้จริง,"น้อยกว่า 15,000 บาท",นักเรียน / นักศึกษา
ชาย,18-25 ปี,โสด,"ดูหนัง / ฟังเพลง, เล่นเกม, ถ่ายรูป ถ่ายวีดีโอ","Instagram, Facebook, TikTok",มากกว่า 5 ชั่วโมง,จำเป็นมากที่สุด,Apple,ฟีเจอร์สินค้า,4,ไม่สามารถสัมผัสหรือลองสินค้าได้จริง,"น้อยกว่า 15,000 บาท",นักเรียน / นักศึกษา
ชาย,18-25 ปี,โสด,"ดูหนัง / ฟังเพลง, เล่นเกม, ถ่ายรูป ถ่ายวีดีโอ","Instagram, Facebook, YouTube, Facebook Messenger, Spotify, TikTok",3 - 5 ชั่วโมง,จำเป็น,Apple,ราคา,5,ความกังวลเกี่ยวกับความปลอดภัยของการชำระเงิน,"น้อยกว่า 15,000 บาท",นักเรียน / นักศึกษา
ชาย,18-25 ปี,โสด,"ถ่ายรูป ถ่ายวีดีโอ, ติดต่อสื่อสาร / ประชุมงาน, โซเชียลมีเดีย","Instagram, Facebook, YouTube, Facebook Messenger, Spotify, TikTok, Telegram",มากกว่า 5 ชั่วโมง,จำเป็น,Apple,ฟีเจอร์สินค้า,5,ไม่สามารถสัมผัสหรือลองสินค้าได้จริง,"น้อยกว่า 15,000 บาท",นักเรียน / นักศึกษา
ชาย,18-25 ปี,โสด,"ดูหนัง / ฟังเพลง, เล่นเกม, โซเชียลมีเดีย","Instagram, Facebook Messenger, TikTok",มากกว่า 5 ชั่วโมง,จำเป็น,Apple,ฟีเจอร์สินค้า,4,ความกังวลเกี่ยวกับความปลอดภัยของการชำระเงิน,"น้อยกว่า 15,000 บาท",นักเรียน / นักศึกษา
หญิง,18-25 ปี,โสด,"ดูหนัง / ฟังเพลง, เล่นเกม, โซเชียลมีเดีย","Instagram, Facebook, YouTube, Facebook Messenger, TikTok, Line, X",มากกว่า 5 ชั่วโมง,จำเป็นมากที่สุด,Vivo,ฟีเจอร์สินค้า,5,ความกังวลเกี่ยวกับความปลอดภัยของการชำระเงิน,"น้อยกว่า 15,000 บาท",นักเรียน / นักศึกษา
ชาย,18-25 ปี,โสด,"เล่นเกม, ถ่ายรูป ถ่ายวีดีโอ, ติดต่อสื่อสาร / ประชุมงาน","Instagram, Facebook, YouTube, Facebook Messenger, TikTok",1 - 3 ชั่วโมง,จำเป็นมากที่สุด,Apple,รีวิวสินค้า,5,ไม่สามารถสัมผัสหรือลองสินค้าได้จริง,"น้อยกว่า 15,000 บาท",นักเรียน / นักศึกษา
ชาย,18-25 ปี,โสด,"ดูหนัง / ฟังเพลง, ถ่ายรูป ถ่ายวีดีโอ, ติดต่อสื่อสาร / ประชุมงาน","Instagram, Facebook, YouTube, Facebook Messenger, Telegram",1 - 3 ชั่วโมง,จำเป็น,Realme 7 5G,ฟีเจอร์สินค้า,3,ความกังวลเกี่ยวกับความปลอดภัยของการชำระเงิน,"น้อยกว่า 15,000 บาท",นักเรียน / นักศึกษา
ชาย,18-25 ปี,โสด,"ดูหนัง / ฟังเพลง, เล่นเกม, ถ่ายรูป ถ่ายวีดีโอ","Instagram, Facebook, YouTube, Facebook Messenger, Spotify, TikTok",1 - 3 ชั่วโมง,จำเป็น,XIAOMI,รีวิวสินค้า,4,ความไม่แน่นอนเกี่ยวกับการรับประกันและการบริการหลังการขาย,"น้อยกว่า 15,000 บาท",นักเรียน / นักศึกษา
ชาย,18-25 ปี,โสด,ดูหนัง / ฟังเพลง,"Instagram, Facebook, YouTube, Snapchat, Facebook Messenger, Spotify, WhatsApp, TikTok",3 - 5 ชั่วโมง,จำเป็นมากที่สุด,Apple,ราคา,3,ความกังวลเกี่ยวกับความปลอดภัยของการชำระเงิน,"น้อยกว่า 15,000 บาท",นักเรียน / นักศึกษา
ชาย,18-25 ปี,โสด,"ดูหนัง / ฟังเพลง, เล่นเกม, โซเชียลมีเดีย","Instagram, Facebook, YouTube, Facebook Messenger",มากกว่า 5 ชั่วโมง,จำเป็นมากที่สุด,Samsung,ราคา,3,ความกังวลเกี่ยวกับความปลอดภัยของการชำระเงิน,"น้อยกว่า 15,000 บาท",นักเรียน / นักศึกษา
ชาย,18-25 ปี,โสด,ดูหนัง / ฟังเพลง,"YouTube, Facebook Messenger, Discord, Wise",มากกว่า 5 ชั่วโมง,จำเป็น,Apple,ฟีเจอร์สินค้า,4,ไม่สามารถสัมผัสหรือลองสินค้าได้จริง,"มากกว่า 50,001 บาทขึ้นไป",เจ้าของธุรกิจ/ธุรกิจส่วนตัว
หญิง,18-25 ปี,โสด,"ดูหนัง / ฟังเพลง, เล่นเกม, ติดต่อสื่อสาร / ประชุมงาน","Instagram, Facebook, YouTube, Spotify, TikTok",มากกว่า 5 ชั่วโมง,จำเป็นมากที่สุด,Apple,ราคา,4,ไม่สามารถสัมผัสหรือลองสินค้าได้จริง,"น้อยกว่า 15,000 บาท",นักเรียน / นักศึกษา
ชาย,18-25 ปี,โสด,"ดูหนัง / ฟังเพลง, ถ่ายรูป ถ่ายวีดีโอ, ติดต่อสื่อสาร / ประชุมงาน","Instagram, Facebook, YouTube, Facebook Messenger, Spotify",มากกว่า 5 ชั่วโมง,จำเป็นมากที่สุด,Oppo,ราคา,4,ความไม่แน่นอนเกี่ยวกับการรับประกันและการบริการหลังการขาย,"น้อยกว่า 15,000 บาท",นักเรียน / นักศึกษา
หญิง,18-25 ปี,โสด,"ดูหนัง / ฟังเพลง, ติดต่อสื่อสาร / ประชุมงาน, โซเชียลมีเดีย","Instagram, Facebook, YouTube, Facebook Messenger, TikTok",มากกว่า 5 ชั่วโมง,จำเป็นมากที่สุด,Realme,ฟีเจอร์สินค้า,5,ความกังวลเกี่ยวกับความปลอดภัยของการชำระเงิน,"น้อยกว่า 15,000 บาท",นักเรียน / นักศึกษา
ชาย,18-25 ปี,โสด,"ดูหนัง / ฟังเพลง, เล่นเกม, โซเชียลมีเดีย","Facebook, YouTube, Facebook Messenger",1 - 3 ชั่วโมง,จำเป็น,Oppo,ราคา,4,ไม่สามารถสัมผัสหรือลองสินค้าได้จริง,"น้อยกว่า 15,000 บาท",นักเรียน / นักศึกษา
ชาย,18-25 ปี,สมรส,"ดูหนัง / ฟังเพลง, โซเชียลมีเดีย","Instagram, Facebook, YouTube, Facebook Messenger, TikTok",1 - 3 ชั่วโมง,จำเป็นมากที่สุด,Samsung,รีวิวสินค้า,4,ความกังวลเกี่ยวกับความปลอดภัยของการชำระเงิน,"น้อยกว่า 15,000 บาท",พนักงานโรงงานอุตสาหกรรม
หญิง,26-32 ปี,โสด,"ดูหนัง / ฟังเพลง, เล่นเกม, ติดต่อสื่อสาร / ประชุมงาน","Facebook, Facebook Messenger, Spotify",มากกว่า 5 ชั่วโมง,จำเป็นมากที่สุด,Apple,ฟีเจอร์สินค้า,3,ไม่สามารถสัมผัสหรือลองสินค้าได้จริง,"น้อยกว่า 15,000 บาท",พนักงานบริษัทเอกชน
ชาย,18-25 ปี,โสด,"ดูหนัง / ฟังเพลง, ถ่ายรูป ถ่ายวีดีโอ, โซเชียลมีเดีย","Instagram, Facebook, YouTube, Facebook Messenger",3 - 5 ชั่วโมง,จำเป็น,Samsung,ฟีเจอร์สินค้า,4,ความไม่แน่นอนเกี่ยวกับการรับประกันและการบริการหลังการขาย,"น้อยกว่า 15,000 บาท",นักเรียน / นักศึกษา
หญิง,18-25 ปี,โสด,"ถ่ายรูป ถ่ายวีดีโอ, ติดต่อสื่อสาร / ประชุมงาน, โซเชียลมีเดีย","Instagram, Facebook, YouTube",3 - 5 ชั่วโมง,จำเป็น,Apple,ฟีเจอร์สินค้า,5,ความไม่แน่นอนเกี่ยวกับการรับประกันและการบริการหลังการขาย,"น้อยกว่า 15,000 บาท",นักเรียน / นักศึกษา
หญิง,18-25 ปี,โสด,ดูหนัง / ฟังเพลง,"Instagram, Facebook, Facebook Messenger, TikTok",1 - 3 ชั่วโมง,จำเป็นมากที่สุด,Oppo,รีวิวสินค้า,3,ความไม่แน่นอนเกี่ยวกับการรับประกันและการบริการหลังการขาย,"น้อยกว่า 15,000 บาท",นักเรียน / นักศึกษา
หญิง,33-40 ปี,สมรส,"ถ่ายรูป ถ่ายวีดีโอ, ติดต่อสื่อสาร / ประชุมงาน, โซเชียลมีเดีย","Facebook, Facebook Messenger",1 - 3 ชั่วโมง,จำเป็นมากที่สุด,Samsung,ราคา,5,ไม่สามารถสัมผัสหรือลองสินค้าได้จริง,"15,001 - 20,000 บาท",พนักงานข้าราชการ
หญิง,33-40 ปี,สมรส,"ถ่ายรูป ถ่ายวีดีโอ, ติดต่อสื่อสาร / ประชุมงาน, โซเชียลมีเดีย","Facebook, Facebook Messenger",1 - 3 ชั่วโมง,จำเป็นมากที่สุด,Samsung,ราคา,5,ไม่สามารถสัมผัสหรือลองสินค้าได้จริง,"15,001 - 20,000 บาท",พนักงานข้าราชการ
หญิง,33-40 ปี,สมรส,"ถ่ายรูป ถ่ายวีดีโอ, ติดต่อสื่อสาร / ประชุมงาน, โซเชียลมีเดีย","Facebook, Facebook Messenger",1 - 3 ชั่วโมง,จำเป็นมากที่สุด,Samsung,ราคา,5,ไม่สามารถสัมผัสหรือลองสินค้าได้จริง,"15,001 - 20,000 บาท",พนักงานข้าราชการ
หญิง,33-40 ปี,สมรส,"ถ่ายรูป ถ่ายวีดีโอ, ติดต่อสื่อสาร / ประชุมงาน, โซเชียลมีเดีย","Facebook, Facebook Messenger",1 - 3 ชั่วโมง,จำเป็นมากที่สุด,Samsung,ราคา,5,ไม่สามารถสัมผัสหรือลองสินค้าได้จริง,"15,001 - 20,000 บาท",พนักงานข้าราชการ
หญิง,33-40 ปี,สมรส,"ถ่ายรูป ถ่ายวีดีโอ, ติดต่อสื่อสาร / ประชุมงาน, โซเชียลมีเดีย","Facebook, Facebook Messenger",1 - 3 ชั่วโมง,จำเป็นมากที่สุด,Samsung,ราคา,5,ไม่สามารถสัมผัสหรือลองสินค้าได้จริง,"15,001 - 20,000 บาท",พนักงานข้าราชการ
หญิง,33-40 ปี,สมรส,"ถ่ายรูป ถ่ายวีดีโอ, ติดต่อสื่อสาร / ประชุมงาน, โซเชียลมีเดีย","Facebook, Facebook Messenger",1 - 3 ชั่วโมง,จำเป็นมากที่สุด,Samsung,ราคา,5,ไม่สามารถสัมผัสหรือลองสินค้าได้จริง,"15,001 - 20,000 บาท",พนักงานข้าราชการ
หญิง,33-40 ปี,สมรส,"ถ่ายรูป ถ่ายวีดีโอ, ติดต่อสื่อสาร / ประชุมงาน, โซเชียลมีเดีย","Facebook, Facebook Messenger",1 - 3 ชั่วโมง,จำเป็นมากที่สุด,Samsung,ราคา,5,ไม่สามารถสัมผัสหรือลองสินค้าได้จริง,"15,001 - 20,000 บาท",พนักงานข้าราชการ
หญิง,33-40 ปี,สมรส,"ถ่ายรูป ถ่ายวีดีโอ, ติดต่อสื่อสาร / ประชุมงาน, โซเชียลมีเดีย","Facebook, Facebook Messenger",1 - 3 ชั่วโมง,จำเป็นมากที่สุด,Samsung,ราคา,5,ไม่สามารถสัมผัสหรือลองสินค้าได้จริง,"15,001 - 20,000 บาท",พนักงานข้าราชการ
หญิง,33-40 ปี,สมรส,"ถ่ายรูป ถ่ายวีดีโอ, ติดต่อสื่อสาร / ประชุมงาน, โซเชียลมีเดีย","Facebook, Facebook Messenger",1 - 3 ชั่วโมง,จำเป็นมากที่สุด,Samsung,ราคา,5,ไม่สามารถสัมผัสหรือลองสินค้าได้จริง,"15,001 - 20,000 บาท",พนักงานข้าราชการ
หญิง,33-40 ปี,สมรส,"ถ่ายรูป ถ่ายวีดีโอ, ติดต่อสื่อสาร / ประชุมงาน, โซเชียลมีเดีย","Facebook, Facebook Messenger",1 - 3 ชั่วโมง,จำเป็นมากที่สุด,Samsung,ราคา,5,ไม่สามารถสัมผัสหรือลองสินค้าได้จริง,"15,001 - 20,000 บาท",พนักงานข้าราชการ
หญิง,33-40 ปี,สมรส,"ถ่ายรูป ถ่ายวีดีโอ, ติดต่อสื่อสาร / ประชุมงาน, โซเชียลมีเดีย","Facebook, Facebook Messenger",1 - 3 ชั่วโมง,จำเป็นมากที่สุด,Samsung,ราคา,5,ไม่สามารถสัมผัสหรือลองสินค้าได้จริง,"15,001 - 20,000 บาท",พนักงานข้าราชการ
หญิง,33-40 ปี,สมรส,"ถ่ายรูป ถ่ายวีดีโอ, ติดต่อสื่อสาร / ประชุมงาน, โซเชียลมีเดีย","Facebook, Facebook Messenger",1 - 3 ชั่วโมง,จำเป็นมากที่สุด,Samsung,ราคา,5,ไม่สามารถสัมผัสหรือลองสินค้าได้จริง,"15,001 - 20,000 บาท",พนักงานข้าราชการ
หญิง,33-40 ปี,สมรส,"ถ่ายรูป ถ่ายวีดีโอ, ติดต่อสื่อสาร / ประชุมงาน, โซเชียลมีเดีย","Facebook, Facebook Messenger",1 - 3 ชั่วโมง,จำเป็นมากที่สุด,Samsung,ราคา,5,ไม่สามารถสัมผัสหรือลองสินค้าได้จริง,"15,001 - 20,000 บาท",พนักงานข้าราชการ
หญิง,33-40 ปี,สมรส,"ถ่ายรูป ถ่ายวีดีโอ, ติดต่อสื่อสาร / ประชุมงาน, โซเชียลมีเดีย","Facebook, Facebook Messenger",1 - 3 ชั่วโมง,จำเป็นมากที่สุด,Samsung,ราคา,5,ไม่สามารถสัมผัสหรือลองสินค้าได้จริง,"15,001 - 20,000 บาท",พนักงานข้าราชการ
หญิง,33-40 ปี,สมรส,"ถ่ายรูป ถ่ายวีดีโอ, ติดต่อสื่อสาร / ประชุมงาน, โซเชียลมีเดีย","Facebook, Facebook Messenger",1 - 3 ชั่วโมง,จำเป็นมากที่สุด,Samsung,ราคา,5,ไม่สามารถสัมผัสหรือลองสินค้าได้จริง,"15,001 - 20,000 บาท",พนักงานข้าราชการ
หญิง,33-40 ปี,สมรส,"ถ่ายรูป ถ่ายวีดีโอ, ติดต่อสื่อสาร / ประชุมงาน, โซเชียลมีเดีย","Facebook, Facebook Messenger",1 - 3 ชั่วโมง,จำเป็นมากที่สุด,Samsung,ราคา,5,ไม่สามารถสัมผัสหรือลองสินค้าได้จริง,"15,001 - 20,000 บาท",พนักงานข้าราชการ
หญิง,33-40 ปี,สมรส,"ถ่ายรูป ถ่ายวีดีโอ, ติดต่อสื่อสาร / ประชุมงาน, โซเชียลมีเดีย","Facebook, Facebook Messenger",1 - 3 ชั่วโมง,จำเป็นมากที่สุด,Samsung,ราคา,5,ไม่สามารถสัมผัสหรือลองสินค้าได้จริง,"15,001 - 20,000 บาท",พนักงานข้าราชการ
หญิง,33-40 ปี,สมรส,"ถ่ายรูป ถ่ายวีดีโอ, ติดต่อสื่อสาร / ประชุมงาน, โซเชียลมีเดีย","Facebook, Facebook Messenger",1 - 3 ชั่วโมง,จำเป็นมากที่สุด,Samsung,ราคา,5,ไม่สามารถสัมผัสหรือลองสินค้าได้จริง,"15,001 - 20,000 บาท",พนักงานข้าราชการ
หญิง,33-40 ปี,สมรส,"ถ่ายรูป ถ่ายวีดีโอ, ติดต่อสื่อสาร / ประชุมงาน, โซเชียลมีเดีย","Facebook, Facebook Messenger",1 - 3 ชั่วโมง,จำเป็นมากที่สุด,Samsung,ราคา,5,ไม่สามารถสัมผัสหรือลองสินค้าได้จริง,"15,001 - 20,000 บาท",พนักงานข้าราชการ
หญิง,33-40 ปี,สมรส,"ถ่ายรูป ถ่ายวีดีโอ, ติดต่อสื่อสาร / ประชุมงาน, โซเชียลมีเดีย","Facebook, Facebook Messenger",1 - 3 ชั่วโมง,จำเป็นมากที่สุด,Samsung,ราคา,5,ไม่สามารถสัมผัสหรือลองสินค้าได้จริง,"15,001 - 20,000 บาท",พนักงานข้าราชการ
หญิง,33-40 ปี,สมรส,"ถ่ายรูป ถ่ายวีดีโอ, ติดต่อสื่อสาร / ประชุมงาน, โซเชียลมีเดีย","Facebook, Facebook Messenger",1 - 3 ชั่วโมง,จำเป็นมากที่สุด,Samsung,ราคา,5,ไม่สามารถสัมผัสหรือลองสินค้าได้จริง,"15,001 - 20,000 บาท",พนักงานข้าราชการ
หญิง,33-40 ปี,สมรส,"ถ่ายรูป ถ่ายวีดีโอ, ติดต่อสื่อสาร / ประชุมงาน, โซเชียลมีเดีย","Facebook, Facebook Messenger",1 - 3 ชั่วโมง,จำเป็นมากที่สุด,Samsung,ราคา,5,ไม่สามารถสัมผัสหรือลองสินค้าได้จริง,"15,001 - 20,000 บาท",พนักงานข้าราชการ
หญิง,33-40 ปี,สมรส,"ถ่ายรูป ถ่ายวีดีโอ, ติดต่อสื่อสาร / ประชุมงาน, โซเชียลมีเดีย","Facebook, Facebook Messenger",1 - 3 ชั่วโมง,จำเป็นมากที่สุด,Samsung,ราคา,5,ไม่สามารถสัมผัสหรือลองสินค้าได้จริง,"15,001 - 20,000 บาท",พนักงานข้าราชการ
หญิง,33-40 ปี,สมรส,"ถ่ายรูป ถ่ายวีดีโอ, ติดต่อสื่อสาร / ประชุมงาน, โซเชียลมีเดีย","Facebook, Facebook Messenger",1 - 3 ชั่วโมง,จำเป็นมากที่สุด,Samsung,ราคา,5,ไม่สามารถสัมผัสหรือลองสินค้าได้จริง,"15,001 - 20,000 บาท",พนักงานข้าราชการ
หญิง,33-40 ปี,สมรส,"ถ่ายรูป ถ่ายวีดีโอ, ติดต่อสื่อสาร / ประชุมงาน, โซเชียลมีเดีย","Facebook, Facebook Messenger",1 - 3 ชั่วโมง,จำเป็นมากที่สุด,Samsung,ราคา,5,ไม่สามารถสัมผัสหรือลองสินค้าได้จริง,"15,001 - 20,000 บาท",พนักงานข้าราชการ
หญิง,33-40 ปี,สมรส,"ถ่ายรูป ถ่ายวีดีโอ, ติดต่อสื่อสาร / ประชุมงาน, โซเชียลมีเดีย","Facebook, Facebook Messenger",1 - 3 ชั่วโมง,จำเป็นมากที่สุด,Samsung,ราคา,5,ไม่สามารถสัมผัสหรือลองสินค้าได้จริง,"15,001 - 20,000 บาท",พนักงานข้าราชการ
หญิง,33-40 ปี,สมรส,"ถ่ายรูป ถ่ายวีดีโอ, ติดต่อสื่อสาร / ประชุมงาน, โซเชียลมีเดีย","Facebook, Facebook Messenger",1 - 3 ชั่วโมง,จำเป็นมากที่สุด,Samsung,ราคา,5,ไม่สามารถสัมผัสหรือลองสินค้าได้จริง,"15,001 - 20,000 บาท",พนักงานข้าราชการ
หญิง,33-40 ปี,สมรส,"ถ่ายรูป ถ่ายวีดีโอ, ติดต่อสื่อสาร / ประชุมงาน, โซเชียลมีเดีย","Facebook, Facebook Messenger",1 - 3 ชั่วโมง,จำเป็นมากที่สุด,Samsung,ราคา,5,ไม่สามารถสัมผัสหรือลองสินค้าได้จริง,"15,001 - 20,000 บาท",พนักงานข้าราชการ
หญิง,33-40 ปี,สมรส,"ถ่ายรูป ถ่ายวีดีโอ, ติดต่อสื่อสาร / ประชุมงาน, โซเชียลมีเดีย","Facebook, Facebook Messenger",1 - 3 ชั่วโมง,จำเป็นมากที่สุด,Samsung,ราคา,5,ไม่สามารถสัมผัสหรือลองสินค้าได้จริง,"15,001 - 20,000 บาท",พนักงานข้าราชการ
หญิง,33-40 ปี,สมรส,"ถ่ายรูป ถ่ายวีดีโอ, ติดต่อสื่อสาร / ประชุมงาน, โซเชียลมีเดีย","Facebook, Facebook Messenger",1 - 3 ชั่วโมง,จำเป็นมากที่สุด,Samsung,ราคา,5,ไม่สามารถสัมผัสหรือลองสินค้าได้จริง,"15,001 - 20,000 บาท",พนักงานข้าราชการ
หญิง,33-40 ปี,สมรส,"ถ่ายรูป ถ่ายวีดีโอ, ติดต่อสื่อสาร / ประชุมงาน, โซเชียลมีเดีย","Facebook, Facebook Messenger",1 - 3 ชั่วโมง,จำเป็นมากที่สุด,Samsung,ราคา,5,ไม่สามารถสัมผัสหรือลองสินค้าได้จริง,"15,001 - 20,000 บาท",พนักงานข้าราชการ
หญิง,33-40 ปี,สมรส,"ถ่ายรูป ถ่ายวีดีโอ, ติดต่อสื่อสาร / ประชุมงาน, โซเชียลมีเดีย","Facebook, Facebook Messenger",1 - 3 ชั่วโมง,จำเป็นมากที่สุด,Samsung,ราคา,5,ไม่สามารถสัมผัสหรือลองสินค้าได้จริง,"15,001 - 20,000 บาท",พนักงานข้าราชการ
หญิง,33-40 ปี,สมรส,"ถ่ายรูป ถ่ายวีดีโอ, ติดต่อสื่อสาร / ประชุมงาน, โซเชียลมีเดีย","Facebook, Facebook Messenger",1 - 3 ชั่วโมง,จำเป็นมากที่สุด,Samsung,ราคา,5,ไม่สามารถสัมผัสหรือลองสินค้าได้จริง,"15,001 - 20,000 บาท",พนักงานข้าราชการ
หญิง,33-40 ปี,สมรส,"ถ่ายรูป ถ่ายวีดีโอ, ติดต่อสื่อสาร / ประชุมงาน, โซเชียลมีเดีย","Facebook, Facebook Messenger",1 - 3 ชั่วโมง,จำเป็นมากที่สุด,Samsung,ราคา,5,ไม่สามารถสัมผัสหรือลองสินค้าได้จริง,"15,001 - 20,000 บาท",พนักงานข้าราชการ
หญิง,33-40 ปี,สมรส,"ถ่ายรูป ถ่ายวีดีโอ, ติดต่อสื่อสาร / ประชุมงาน, โซเชียลมีเดีย","Facebook, Facebook Messenger",1 - 3 ชั่วโมง,จำเป็นมากที่สุด,Samsung,ราคา,5,ไม่สามารถสัมผัสหรือลองสินค้าได้จริง,"15,001 - 20,000 บาท",พนักงานข้าราชการ
หญิง,33-40 ปี,สมรส,"ถ่ายรูป ถ่ายวีดีโอ, ติดต่อสื่อสาร / ประชุมงาน, โซเชียลมีเดีย","Facebook, Facebook Messenger",1 - 3 ชั่วโมง,จำเป็นมากที่สุด,Samsung,ราคา,5,ไม่สามารถสัมผัสหรือลองสินค้าได้จริง,"15,001 - 20,000 บาท",พนักงานข้าราชการ
หญิง,33-40 ปี,สมรส,"ถ่ายรูป ถ่ายวีดีโอ, ติดต่อสื่อสาร / ประชุมงาน, โซเชียลมีเดีย","Facebook, Facebook Messenger",1 - 3 ชั่วโมง,จำเป็นมากที่สุด,Samsung,ราคา,5,ไม่สามารถสัมผัสหรือลองสินค้าได้จริง,"15,001 - 20,000 บาท",พนักงานข้าราชการ
หญิง,33-40 ปี,สมรส,"ถ่ายรูป ถ่ายวีดีโอ, ติดต่อสื่อสาร / ประชุมงาน, โซเชียลมีเดีย","Facebook, Facebook Messenger",1 - 3 ชั่วโมง,จำเป็นมากที่สุด,Samsung,ราคา,5,ไม่สามารถสัมผัสหรือลองสินค้าได้จริง,"15,001 - 20,000 บาท",พนักงานข้าราชการ
หญิง,33-40 ปี,สมรส,"ถ่ายรูป ถ่ายวีดีโอ, ติดต่อสื่อสาร / ประชุมงาน, โซเชียลมีเดีย","Facebook, Facebook Messenger",1 - 3 ชั่วโมง,จำเป็นมากที่สุด,Samsung,ราคา,5,ไม่สามารถสัมผัสหรือลองสินค้าได้จริง,"15,001 - 20,000 บาท",พนักงานข้าราชการ
หญิง,33-40 ปี,สมรส,"ถ่ายรูป ถ่ายวีดีโอ, ติดต่อสื่อสาร / ประชุมงาน, โซเชียลมีเดีย","Facebook, Facebook Messenger",1 - 3 ชั่วโมง,จำเป็นมากที่สุด,Samsung,ราคา,5,ไม่สามารถสัมผัสหรือลองสินค้าได้จริง,"15,001 - 20,000 บาท",พนักงานข้าราชการ
หญิง,33-40 ปี,สมรส,"ถ่ายรูป ถ่ายวีดีโอ, ติดต่อสื่อสาร / ประชุมงาน, โซเชียลมีเดีย","Facebook, Facebook Messenger",1 - 3 ชั่วโมง,จำเป็นมากที่สุด,Samsung,ราคา,5,ไม่สามารถสัมผัสหรือลองสินค้าได้จริง,"15,001 - 20,000 บาท",พนักงานข้าราชการ
หญิง,33-40 ปี,สมรส,"ถ่ายรูป ถ่ายวีดีโอ, ติดต่อสื่อสาร / ประชุมงาน, โซเชียลมีเดีย","Facebook, Facebook Messenger",1 - 3 ชั่วโมง,จำเป็นมากที่สุด,Samsung,ราคา,5,ไม่สามารถสัมผัสหรือลองสินค้าได้จริง,"15,001 - 20,000 บาท",พนักงานข้าราชการ
หญิง,26-32 ปี,โสด,"ดูหนัง / ฟังเพลง, เล่นเกม, ถ่ายรูป ถ่ายวีดีโอ","Instagram, Facebook, YouTube, TikTok",3 - 5 ชั่วโมง,จำเป็นมากที่สุด,Oppo,ราคา,5,ความกังวลเกี่ยวกับความปลอดภัยของการชำระเงิน,"น้อยกว่า 15,000 บาท",พนักงานโรงงานอุตสาหกรรม
หญิง,26-32 ปี,โสด,"ดูหนัง / ฟังเพลง, เล่นเกม, ถ่ายรูป ถ่ายวีดีโอ","Instagram, Facebook, YouTube, TikTok",3 - 5 ชั่วโมง,จำเป็นมากที่สุด,Oppo,ราคา,5,ความกังวลเกี่ยวกับความปลอดภัยของการชำระเงิน,"น้อยกว่า 15,000 บาท",พนักงานโรงงานอุตสาหกรรม
หญิง,26-32 ปี,โสด,"ดูหนัง / ฟังเพลง, เล่นเกม, ถ่ายรูป ถ่ายวีดีโอ","Instagram, Facebook, YouTube, TikTok",3 - 5 ชั่วโมง,จำเป็นมากที่สุด,Oppo,ราคา,5,ความกังวลเกี่ยวกับความปลอดภัยของการชำระเงิน,"น้อยกว่า 15,000 บาท",พนักงานโรงงานอุตสาหกรรม
หญิง,26-32 ปี,โสด,"ดูหนัง / ฟังเพลง, เล่นเกม, ถ่ายรูป ถ่ายวีดีโอ","Instagram, Facebook, YouTube, TikTok",3 - 5 ชั่วโมง,จำเป็นมากที่สุด,Oppo,ราคา,5,ความกังวลเกี่ยวกับความปลอดภัยของการชำระเงิน,"น้อยกว่า 15,000 บาท",พนักงานโรงงานอุตสาหกรรม
หญิง,26-32 ปี,โสด,"ดูหนัง / ฟังเพลง, เล่นเกม, ถ่ายรูป ถ่ายวีดีโอ","Instagram, Facebook, YouTube, TikTok",3 - 5 ชั่วโมง,จำเป็นมากที่สุด,Oppo,ราคา,5,ความกังวลเกี่ยวกับความปลอดภัยของการชำระเงิน,"น้อยกว่า 15,000 บาท",พนักงานโรงงานอุตสาหกรรม
หญิง,26-32 ปี,โสด,"ดูหนัง / ฟังเพลง, เล่นเกม, ถ่ายรูป ถ่ายวีดีโอ","Instagram, Facebook, YouTube, TikTok",3 - 5 ชั่วโมง,จำเป็นมากที่สุด,Oppo,ราคา,5,ความกังวลเกี่ยวกับความปลอดภัยของการชำระเงิน,"น้อยกว่า 15,000 บาท",พนักงานโรงงานอุตสาหกรรม
หญิง,26-32 ปี,โสด,"ดูหนัง / ฟังเพลง, เล่นเกม, ถ่ายรูป ถ่ายวีดีโอ","Instagram, Facebook, YouTube, TikTok",3 - 5 ชั่วโมง,จำเป็นมากที่สุด,Oppo,ราคา,5,ความกังวลเกี่ยวกับความปลอดภัยของการชำระเงิน,"น้อยกว่า 15,000 บาท",พนักงานโรงงานอุตสาหกรรม
หญิง,26-32 ปี,โสด,"ดูหนัง / ฟังเพลง, เล่นเกม, ถ่ายรูป ถ่ายวีดีโอ","Instagram, Facebook, YouTube, TikTok",3 - 5 ชั่วโมง,จำเป็นมากที่สุด,Oppo,ราคา,5,ความกังวลเกี่ยวกับความปลอดภัยของการชำระเงิน,"น้อยกว่า 15,000 บาท",พนักงานโรงงานอุตสาหกรรม
หญิง,26-32 ปี,โสด,"ดูหนัง / ฟังเพลง, เล่นเกม, ถ่ายรูป ถ่ายวีดีโอ","Instagram, Facebook, YouTube, TikTok",3 - 5 ชั่วโมง,จำเป็นมากที่สุด,Oppo,ราคา,5,ความกังวลเกี่ยวกับความปลอดภัยของการชำระเงิน,"น้อยกว่า 15,000 บาท",พนักงานโรงงานอุตสาหกรรม
หญิง,26-32 ปี,โสด,"ดูหนัง / ฟังเพลง, เล่นเกม, ถ่ายรูป ถ่ายวีดีโอ","Instagram, Facebook, YouTube, TikTok",3 - 5 ชั่วโมง,จำเป็นมากที่สุด,Oppo,ราคา,5,ความกังวลเกี่ยวกับความปลอดภัยของการชำระเงิน,"น้อยกว่า 15,000 บาท",พนักงานโรงงานอุตสาหกรรม
หญิง,26-32 ปี,โสด,"ดูหนัง / ฟังเพลง, เล่นเกม, ถ่ายรูป ถ่ายวีดีโอ","Instagram, Facebook, YouTube, TikTok",3 - 5 ชั่วโมง,จำเป็นมากที่สุด,Oppo,ราคา,5,ความกังวลเกี่ยวกับความปลอดภัยของการชำระเงิน,"น้อยกว่า 15,000 บาท",พนักงานโรงงานอุตสาหกรรม
หญิง,26-32 ปี,โสด,"ดูหนัง / ฟังเพลง, เล่นเกม, ถ่ายรูป ถ่ายวีดีโอ","Instagram, Facebook, YouTube, TikTok",3 - 5 ชั่วโมง,จำเป็นมากที่สุด,Oppo,ราคา,5,ความกังวลเกี่ยวกับความปลอดภัยของการชำระเงิน,"น้อยกว่า 15,000 บาท",พนักงานโรงงานอุตสาหกรรม
หญิง,26-32 ปี,โสด,"ดูหนัง / ฟังเพลง, เล่นเกม, ถ่ายรูป ถ่ายวีดีโอ","Instagram, Facebook, YouTube, TikTok",3 - 5 ชั่วโมง,จำเป็นมากที่สุด,Oppo,ราคา,5,ความกังวลเกี่ยวกับความปลอดภัยของการชำระเงิน,"น้อยกว่า 15,000 บาท",พนักงานโรงงานอุตสาหกรรม
หญิง,26-32 ปี,โสด,"ดูหนัง / ฟังเพลง, เล่นเกม, ถ่ายรูป ถ่ายวีดีโอ","Instagram, Facebook, YouTube, TikTok",3 - 5 ชั่วโมง,จำเป็นมากที่สุด,Oppo,ราคา,5,ความกังวลเกี่ยวกับความปลอดภัยของการชำระเงิน,"น้อยกว่า 15,000 บาท",พนักงานโรงงานอุตสาหกรรม
หญิง,26-32 ปี,โสด,"ดูหนัง / ฟังเพลง, เล่นเกม, ถ่ายรูป ถ่ายวีดีโอ","Instagram, Facebook, YouTube, TikTok",3 - 5 ชั่วโมง,จำเป็นมากที่สุด,Oppo,ราคา,5,ความกังวลเกี่ยวกับความปลอดภัยของการชำระเงิน,"น้อยกว่า 15,000 บาท",พนักงานโรงงานอุตสาหกรรม
หญิง,26-32 ปี,โสด,"ดูหนัง / ฟังเพลง, เล่นเกม, ถ่ายรูป ถ่ายวีดีโอ","Instagram, Facebook, YouTube, TikTok",3 - 5 ชั่วโมง,จำเป็นมากที่สุด,Oppo,ราคา,5,ความกังวลเกี่ยวกับความปลอดภัยของการชำระเงิน,"น้อยกว่า 15,000 บาท",พนักงานโรงงานอุตสาหกรรม
หญิง,26-32 ปี,โสด,"ดูหนัง / ฟังเพลง, เล่นเกม, ถ่ายรูป ถ่ายวีดีโอ","Instagram, Facebook, YouTube, TikTok",3 - 5 ชั่วโมง,จำเป็นมากที่สุด,Oppo,ราคา,5,ความกังวลเกี่ยวกับความปลอดภัยของการชำระเงิน,"น้อยกว่า 15,000 บาท",พนักงานโรงงานอุตสาหกรรม
หญิง,26-32 ปี,โสด,"ดูหนัง / ฟังเพลง, เล่นเกม, ถ่ายรูป ถ่ายวีดีโอ","Instagram, Facebook, YouTube, TikTok",3 - 5 ชั่วโมง,จำเป็นมากที่สุด,Oppo,ราคา,5,ความกังวลเกี่ยวกับความปลอดภัยของการชำระเงิน,"น้อยกว่า 15,000 บาท",พนักงานโรงงานอุตสาหกรรม
หญิง,26-32 ปี,โสด,"ดูหนัง / ฟังเพลง, เล่นเกม, ถ่ายรูป ถ่ายวีดีโอ","Instagram, Facebook, YouTube, TikTok",3 - 5 ชั่วโมง,จำเป็นมากที่สุด,Oppo,ราคา,5,ความกังวลเกี่ยวกับความปลอดภัยของการชำระเงิน,"น้อยกว่า 15,000 บาท",พนักงานโรงงานอุตสาหกรรม
หญิง,26-32 ปี,โสด,"ดูหนัง / ฟังเพลง, เล่นเกม, ถ่ายรูป ถ่ายวีดีโอ","Instagram, Facebook, YouTube, TikTok",3 - 5 ชั่วโมง,จำเป็นมากที่สุด,Oppo,ราคา,5,ความกังวลเกี่ยวกับความปลอดภัยของการชำระเงิน,"น้อยกว่า 15,000 บาท",พนักงานโรงงานอุตสาหกรรม
หญิง,26-32 ปี,โสด,"ดูหนัง / ฟังเพลง, เล่นเกม, ถ่ายรูป ถ่ายวีดีโอ","Instagram, Facebook, YouTube, TikTok",3 - 5 ชั่วโมง,จำเป็นมากที่สุด,Oppo,ราคา,5,ความกังวลเกี่ยวกับความปลอดภัยของการชำระเงิน,"น้อยกว่า 15,000 บาท",พนักงานโรงงานอุตสาหกรรม
ชาย,18-25 ปี,โสด,"ดูหนัง / ฟังเพลง, เล่นเกม, โซเชียลมีเดีย","Instagram, Facebook, YouTube, Facebook Messenger, Spotify, TikTok",มากกว่า 5 ชั่วโมง,จำเป็นมากที่สุด,infinix,ฟีเจอร์สินค้า,4,ความไม่แน่นอนเกี่ยวกับการรับประกันและการบริการหลังการขาย,"น้อยกว่า 15,000 บาท",นักเรียน / นักศึกษา
ชาย,60 ปีขึ้นไป,แยกกันอยู่,"เล่นเกม, ถ่ายรูป ถ่ายวีดีโอ","Instagram, Facebook, YouTube, Snapchat, Facebook Messenger, Spotify, WhatsApp, TikTok, Telegram",มากกว่า 5 ชั่วโมง,ไม่จำเป็น,Apple,ฟีเจอร์สินค้า,4,ความล่าช้าในการจัดส่งหรือปัญหาในการจัดส่ง,"มากกว่า 50,001 บาทขึ้นไป",นักเรียน / นักศึกษา
หญิง,26-32 ปี,โสด,"ดูหนัง / ฟังเพลง, เล่นเกม, ถ่ายรูป ถ่ายวีดีโอ","Instagram, Facebook, YouTube, TikTok",3 - 5 ชั่วโมง,จำเป็นมากที่สุด,Oppo,ราคา,5,ความกังวลเกี่ยวกับความปลอดภัยของการชำระเงิน,"น้อยกว่า 15,000 บาท",พนักงานโรงงานอุตสาหกรรม
หญิง,26-32 ปี,โสด,"ดูหนัง / ฟังเพลง, เล่นเกม, ถ่ายรูป ถ่ายวีดีโอ","Instagram, Facebook, YouTube, TikTok",3 - 5 ชั่วโมง,จำเป็นมากที่สุด,Oppo,ราคา,5,ความกังวลเกี่ยวกับความปลอดภัยของการชำระเงิน,"น้อยกว่า 15,000 บาท",พนักงานโรงงานอุตสาหกรรม
หญิง,26-32 ปี,โสด,"ดูหนัง / ฟังเพลง, เล่นเกม, ถ่ายรูป ถ่ายวีดีโอ","Instagram, Facebook, YouTube, TikTok",3 - 5 ชั่วโมง,จำเป็นมากที่สุด,Oppo,ราคา,5,ความกังวลเกี่ยวกับความปลอดภัยของการชำระเงิน,"น้อยกว่า 15,000 บาท",พนักงานโรงงานอุตสาหกรรม
หญิง,26-32 ปี,โสด,"ดูหนัง / ฟังเพลง, เล่นเกม, ถ่ายรูป ถ่ายวีดีโอ","Instagram, Facebook, YouTube, TikTok",3 - 5 ชั่วโมง,จำเป็นมากที่สุด,Oppo,ราคา,5,ความกังวลเกี่ยวกับความปลอดภัยของการชำระเงิน,"น้อยกว่า 15,000 บาท",พนักงานโรงงานอุตสาหกรรม
หญิง,26-32 ปี,โสด,"ดูหนัง / ฟังเพลง, เล่นเกม, ถ่ายรูป ถ่ายวีดีโอ","Instagram, Facebook, YouTube, TikTok",3 - 5 ชั่วโมง,จำเป็นมากที่สุด,Oppo,ราคา,5,ความกังวลเกี่ยวกับความปลอดภัยของการชำระเงิน,"น้อยกว่า 15,000 บาท",พนักงานโรงงานอุตสาหกรรม
หญิง,26-32 ปี,โสด,"ดูหนัง / ฟังเพลง, เล่นเกม, ถ่ายรูป ถ่ายวีดีโอ","Instagram, Facebook, YouTube, TikTok",3 - 5 ชั่วโมง,จำเป็นมากที่สุด,Oppo,ราคา,5,ความกังวลเกี่ยวกับความปลอดภัยของการชำระเงิน,"น้อยกว่า 15,000 บาท",พนักงานโรงงานอุตสาหกรรม
หญิง,26-32 ปี,โสด,"ดูหนัง / ฟังเพลง, เล่นเกม, ถ่ายรูป ถ่ายวีดีโอ","Instagram, Facebook, YouTube, TikTok",3 - 5 ชั่วโมง,จำเป็นมากที่สุด,Oppo,ราคา,5,ความกังวลเกี่ยวกับความปลอดภัยของการชำระเงิน,"น้อยกว่า 15,000 บาท",พนักงานโรงงานอุตสาหกรรม
หญิง,26-32 ปี,โสด,"ดูหนัง / ฟังเพลง, เล่นเกม, ถ่ายรูป ถ่ายวีดีโอ","Instagram, Facebook, YouTube, TikTok",3 - 5 ชั่วโมง,จำเป็นมากที่สุด,Oppo,ราคา,5,ความกังวลเกี่ยวกับความปลอดภัยของการชำระเงิน,"น้อยกว่า 15,000 บาท",พนักงานโรงงานอุตสาหกรรม
หญิง,26-32 ปี,โสด,"ดูหนัง / ฟังเพลง, เล่นเกม, ถ่ายรูป ถ่ายวีดีโอ","Instagram, Facebook, YouTube, TikTok",3 - 5 ชั่วโมง,จำเป็นมากที่สุด,Oppo,ราคา,5,ความกังวลเกี่ยวกับความปลอดภัยของการชำระเงิน,"น้อยกว่า 15,000 บาท",พนักงานโรงงานอุตสาหกรรม
หญิง,26-32 ปี,โสด,"ดูหนัง / ฟังเพลง, เล่นเกม, ถ่ายรูป ถ่ายวีดีโอ","Instagram, Facebook, YouTube, TikTok",3 - 5 ชั่วโมง,จำเป็นมากที่สุด,Oppo,ราคา,5,ความกังวลเกี่ยวกับความปลอดภัยของการชำระเงิน,"น้อยกว่า 15,000 บาท",พนักงานโรงงานอุตสาหกรรม
หญิง,26-32 ปี,โสด,"ดูหนัง / ฟังเพลง, เล่นเกม, ถ่ายรูป ถ่ายวีดีโอ","Instagram, Facebook, YouTube, TikTok",3 - 5 ชั่วโมง,จำเป็นมากที่สุด,Oppo,ราคา,5,ความกังวลเกี่ยวกับความปลอดภัยของการชำระเงิน,"น้อยกว่า 15,000 บาท",พนักงานโรงงานอุตสาหกรรม
